version 2
run General-0-20150513-11:57:49-6359
attr configname General
attr datetime 20150513-11:57:49
attr experiment General
attr inifile omnetpp.ini
attr iterationvars ""
attr iterationvars2 $repetition=0
attr measurement ""
attr network BasicExample
attr processid 6359
attr repetition 0
attr replication #0
attr resultdir results
attr runnumber 0
attr seedset 0

vector 3  BasicExample.SensorNode[0].Processor  "power mode"  ETV
vector 4  BasicExample.SensorNode[0].Processor  Voltage  ETV
vector 5  BasicExample.SensorNode[0].Processor  residualRelative  ETV
vector 6  BasicExample.SensorNode[0].Processor  residualAbs  ETV
vector 10  BasicExample.TNode[0].Processor  "power mode"  ETV
vector 11  BasicExample.TNode[0].Processor  Voltage  ETV
vector 12  BasicExample.TNode[0].Processor  residualRelative  ETV
vector 13  BasicExample.TNode[0].Processor  residualAbs  ETV
vector 17  BasicExample.TPNode[0].Processor  "power mode"  ETV
vector 18  BasicExample.TPNode[0].Processor  Voltage  ETV
vector 19  BasicExample.TPNode[0].Processor  residualRelative  ETV
vector 20  BasicExample.TPNode[0].Processor  residualAbs  ETV
vector 24  BasicExample.PHLNode[0].Processor  "power mode"  ETV
vector 25  BasicExample.PHLNode[0].Processor  Voltage  ETV
vector 26  BasicExample.PHLNode[0].Processor  residualRelative  ETV
vector 27  BasicExample.PHLNode[0].Processor  residualAbs  ETV
vector 31  BasicExample.TPHLNode[0].Processor  "power mode"  ETV
vector 32  BasicExample.TPHLNode[0].Processor  Voltage  ETV
vector 33  BasicExample.TPHLNode[0].Processor  residualRelative  ETV
vector 34  BasicExample.TPHLNode[0].Processor  residualAbs  ETV
3	0	0	0
3	0	0	0
3	1268	5000	1
3	2132	10000	2
3	3052	15000	0
3	3052	15000	0
3	3926	20000	1
3	4846	25000	2
3	5710	30000	0
3	5710	30000	0
3	6640	35000	1
3	7504	40000	2
3	8424	45000	0
3	8424	45000	0
3	9252	50000	1
3	10059	55000	2
3	10774	60000	0
3	10774	60000	0
3	11409	65000	1
3	12003	70000	2
3	12570	75000	0
3	12570	75000	0
3	13080	80000	1
3	13584	85000	2
4	0	0	3
4	578	1000	3
4	578	1000	3
4	578	1000	3
4	753	2000	3
4	753	2000	3
4	753	2000	3
4	918	3000	3
4	918	3000	3
4	918	3000	3
4	1093	4000	3
4	1093	4000	3
4	1093	4000	3
4	1268	5000	3
4	1268	5000	3
4	1273	5000	3
4	1273	5000	3
4	1273	5000	3
4	1438	6000	3
4	1438	6000	3
4	1438	6000	3
4	1613	7000	3
4	1613	7000	3
4	1613	7000	3
4	1788	8000	3
4	1788	8000	3
4	1788	8000	3
4	1953	9000	3
4	1953	9000	3
4	1953	9000	3
4	2132	10000	3
4	2132	10000	3
4	2137	10000	3
4	2137	10000	3
4	2137	10000	3
4	2372	11000	3
4	2372	11000	3
4	2372	11000	3
4	2537	12000	3
4	2537	12000	3
4	2537	12000	3
4	2712	13000	3
4	2712	13000	3
4	2712	13000	3
4	2887	14000	3
4	2887	14000	3
4	2887	14000	3
4	3052	15000	3
4	3052	15000	3
4	3057	15000	3
4	3057	15000	3
4	3057	15000	3
4	3232	16000	3
4	3232	16000	3
4	3232	16000	3
4	3407	17000	3
4	3407	17000	3
4	3407	17000	3
4	3572	18000	3
4	3572	18000	3
4	3572	18000	3
4	3747	19000	3
4	3747	19000	3
4	3747	19000	3
4	3926	20000	3
4	3926	20000	3
4	3931	20000	3
4	3931	20000	3
4	3931	20000	3
4	4156	21000	3
4	4156	21000	3
4	4156	21000	3
4	4331	22000	3
4	4331	22000	3
4	4331	22000	3
4	4506	23000	3
4	4506	23000	3
4	4506	23000	3
4	4671	24000	3
4	4671	24000	3
4	4671	24000	3
4	4846	25000	3
4	4846	25000	3
4	4851	25000	3
4	4851	25000	3
4	4851	25000	3
4	5026	26000	3
4	5026	26000	3
4	5026	26000	3
4	5191	27000	3
4	5191	27000	3
4	5191	27000	3
4	5366	28000	3
4	5366	28000	3
4	5366	28000	3
4	5541	29000	3
4	5541	29000	3
4	5541	29000	3
4	5710	30000	3
4	5710	30000	3
4	5715	30000	3
4	5715	30000	3
4	5715	30000	3
4	5950	31000	3
4	5950	31000	3
4	5950	31000	3
4	6125	32000	3
4	6125	32000	3
4	6125	32000	3
4	6290	33000	3
4	6290	33000	3
4	6290	33000	3
4	6465	34000	3
4	6465	34000	3
4	6465	34000	3
4	6640	35000	3
4	6640	35000	3
4	6645	35000	3
4	6645	35000	3
4	6645	35000	3
4	6810	36000	3
4	6810	36000	3
4	6810	36000	3
4	6985	37000	3
4	6985	37000	3
4	6985	37000	3
4	7160	38000	3
4	7160	38000	3
4	7160	38000	3
4	7325	39000	3
4	7325	39000	3
4	7325	39000	3
4	7504	40000	3
4	7504	40000	3
4	7509	40000	3
4	7509	40000	3
4	7509	40000	3
4	7744	41000	3
4	7744	41000	3
4	7744	41000	3
4	7909	42000	3
4	7909	42000	3
4	7909	42000	3
4	8084	43000	3
4	8084	43000	3
4	8084	43000	3
4	8259	44000	3
4	8259	44000	3
4	8259	44000	3
4	8424	45000	3
4	8424	45000	3
4	8429	45000	3
4	8429	45000	3
4	8429	45000	3
4	8604	46000	3
4	8604	46000	3
4	8604	46000	3
4	8779	47000	3
4	8779	47000	3
4	8779	47000	3
4	8935	48000	3
4	8935	48000	3
4	8935	48000	3
4	9092	49000	3
4	9092	49000	3
4	9092	49000	3
4	9252	50000	3
4	9252	50000	3
4	9256	50000	3
4	9256	50000	3
4	9256	50000	3
4	9440	51000	3
4	9440	51000	3
4	9440	51000	3
4	9597	52000	3
4	9597	52000	3
4	9597	52000	3
4	9754	53000	3
4	9754	53000	3
4	9754	53000	3
4	9902	54000	3
4	9902	54000	3
4	9902	54000	3
4	10059	55000	3
4	10059	55000	3
4	10063	55000	3
4	10063	55000	3
4	10063	55000	3
4	10220	56000	3
4	10220	56000	3
4	10220	56000	3
4	10363	57000	3
4	10363	57000	3
4	10363	57000	3
4	10502	58000	3
4	10502	58000	3
4	10502	58000	3
4	10641	59000	3
4	10641	59000	3
4	10641	59000	3
4	10774	60000	3
4	10774	60000	3
4	10777	60000	3
4	10777	60000	3
4	10777	60000	3
4	10932	61000	3
4	10932	61000	3
4	10932	61000	3
4	11053	62000	3
4	11053	62000	3
4	11053	62000	3
4	11167	63000	3
4	11167	63000	3
4	11167	63000	3
4	11288	64000	3
4	11288	64000	3
4	11288	64000	3
4	11409	65000	3
4	11409	65000	3
4	11411	65000	3
4	11411	65000	3
4	11411	65000	3
4	11525	66000	3
4	11525	66000	3
4	11525	66000	3
4	11646	67000	3
4	11646	67000	3
4	11646	67000	3
4	11767	68000	3
4	11767	68000	3
4	11767	68000	3
4	11881	69000	3
4	11881	69000	3
4	11881	69000	3
4	12003	70000	3
4	12003	70000	3
4	12005	70000	3
4	12005	70000	3
4	12005	70000	3
4	12132	71000	3
4	12132	71000	3
4	12132	71000	3
4	12246	72000	3
4	12246	72000	3
4	12246	72000	3
4	12367	73000	3
4	12367	73000	3
4	12367	73000	3
4	12473	74000	3
4	12473	74000	3
4	12473	74000	3
4	12570	75000	3
4	12570	75000	3
4	12571	75000	3
4	12571	75000	3
4	12571	75000	3
4	12674	76000	3
4	12674	76000	3
4	12674	76000	3
4	12777	77000	3
4	12777	77000	3
4	12777	77000	3
4	12874	78000	3
4	12874	78000	3
4	12874	78000	3
4	12977	79000	3
4	12977	79000	3
4	12977	79000	3
4	13080	80000	3
4	13080	80000	3
4	13081	80000	3
4	13081	80000	3
4	13081	80000	3
4	13178	81000	3
4	13178	81000	3
4	13178	81000	3
4	13281	82000	3
4	13281	82000	3
4	13281	82000	3
4	13384	83000	3
4	13384	83000	3
4	13384	83000	3
4	13481	84000	3
4	13481	84000	3
4	13481	84000	3
4	13584	85000	3
4	13584	85000	3
4	13585	85000	3
4	13585	85000	3
4	13585	85000	3
4	13688	86000	3
4	13688	86000	3
4	13688	86000	3
4	13785	87000	3
4	13785	87000	3
4	13785	87000	3
5	0	0	1
5	578	1000	0.99386666666667
5	578	1000	0.99386666666667
5	578	1000	0.99359259259259
5	753	2000	0.98733148148148
5	753	2000	0.98733148148148
5	753	2000	0.98718518518519
5	918	3000	0.98117962962963
5	918	3000	0.98117962962963
5	918	3000	0.98077777777778
5	1093	4000	0.97464444444444
5	1093	4000	0.97464444444444
5	1093	4000	0.97437037037037
5	1268	5000	0.96798148148148
5	1268	5000	0.96796759259259
5	1273	5000	0.96796759259259
5	1273	5000	0.96796759259259
5	1273	5000	0.9679537037037
5	1438	6000	0.96761425925926
5	1438	6000	0.96761425925926
5	1438	6000	0.9675787037037
5	1613	7000	0.96723203703704
5	1613	7000	0.96723203703704
5	1613	7000	0.9672037037037
5	1788	8000	0.96684981481481
5	1788	8000	0.96684981481481
5	1788	8000	0.9668287037037
5	1953	9000	0.96648925925926
5	1953	9000	0.96648925925926
5	1953	9000	0.9664537037037
5	2132	10000	0.96609259259259
5	2132	10000	0.96606944444444
5	2137	10000	0.96606944444444
5	2137	10000	0.96606944444444
5	2137	10000	0.9660462962963
5	2372	11000	0.93800740740741
5	2372	11000	0.93800740740741
5	2372	11000	0.93741203703704
5	2537	12000	0.91051759259259
5	2537	12000	0.91051759259259
5	2537	12000	0.90877777777778
5	2712	13000	0.88131111111111
5	2712	13000	0.88131111111111
5	2712	13000	0.88014351851852
5	2887	14000	0.85210462962963
5	2887	14000	0.85210462962963
5	2887	14000	0.85150925925926
5	3052	15000	0.82289814814815
5	3052	15000	0.82287962962963
5	3057	15000	0.82287962962963
5	3057	15000	0.82287962962963
5	3057	15000	0.82286111111111
5	3232	16000	0.81672777777778
5	3232	16000	0.81672777777778
5	3232	16000	0.8164537037037
5	3407	17000	0.81019259259259
5	3407	17000	0.81019259259259
5	3407	17000	0.8100462962963
5	3572	18000	0.80404074074074
5	3572	18000	0.80404074074074
5	3572	18000	0.80363888888889
5	3747	19000	0.79750555555556
5	3747	19000	0.79750555555556
5	3747	19000	0.79723148148148
5	3926	20000	0.79084259259259
5	3926	20000	0.7908287037037
5	3931	20000	0.7908287037037
5	3931	20000	0.7908287037037
5	3931	20000	0.79081481481481
5	4156	21000	0.79047537037037
5	4156	21000	0.79047537037037
5	4156	21000	0.79043981481481
5	4331	22000	0.79009314814815
5	4331	22000	0.79009314814815
5	4331	22000	0.79006481481481
5	4506	23000	0.78971092592593
5	4506	23000	0.78971092592593
5	4506	23000	0.78968981481481
5	4671	24000	0.78935037037037
5	4671	24000	0.78935037037037
5	4671	24000	0.78931481481481
5	4846	25000	0.7889537037037
5	4846	25000	0.78893055555556
5	4851	25000	0.78893055555556
5	4851	25000	0.78893055555556
5	4851	25000	0.78890740740741
5	5026	26000	0.76086851851852
5	5026	26000	0.76086851851852
5	5026	26000	0.76027314814815
5	5191	27000	0.7333787037037
5	5191	27000	0.7333787037037
5	5191	27000	0.73163888888889
5	5366	28000	0.70417222222222
5	5366	28000	0.70417222222222
5	5366	28000	0.70300462962963
5	5541	29000	0.67496574074074
5	5541	29000	0.67496574074074
5	5541	29000	0.67437037037037
5	5710	30000	0.64575925925926
5	5710	30000	0.64574074074074
5	5715	30000	0.64574074074074
5	5715	30000	0.64574074074074
5	5715	30000	0.64572222222222
5	5950	31000	0.63958888888889
5	5950	31000	0.63958888888889
5	5950	31000	0.63931481481481
5	6125	32000	0.6330537037037
5	6125	32000	0.6330537037037
5	6125	32000	0.63290740740741
5	6290	33000	0.62690185185185
5	6290	33000	0.62690185185185
5	6290	33000	0.6265
5	6465	34000	0.62036666666667
5	6465	34000	0.62036666666667
5	6465	34000	0.62009259259259
5	6640	35000	0.6137037037037
5	6640	35000	0.61368981481481
5	6645	35000	0.61368981481481
5	6645	35000	0.61368981481481
5	6645	35000	0.61367592592593
5	6810	36000	0.61333648148148
5	6810	36000	0.61333648148148
5	6810	36000	0.61330092592593
5	6985	37000	0.61295425925926
5	6985	37000	0.61295425925926
5	6985	37000	0.61292592592593
5	7160	38000	0.61257203703704
5	7160	38000	0.61257203703704
5	7160	38000	0.61255092592593
5	7325	39000	0.61221148148148
5	7325	39000	0.61221148148148
5	7325	39000	0.61217592592593
5	7504	40000	0.61181481481481
5	7504	40000	0.61179166666667
5	7509	40000	0.61179166666667
5	7509	40000	0.61179166666667
5	7509	40000	0.61176851851852
5	7744	41000	0.58372962962963
5	7744	41000	0.58372962962963
5	7744	41000	0.58313425925926
5	7909	42000	0.55623981481481
5	7909	42000	0.55623981481481
5	7909	42000	0.5545
5	8084	43000	0.52703333333333
5	8084	43000	0.52703333333333
5	8084	43000	0.52586574074074
5	8259	44000	0.49782685185185
5	8259	44000	0.49782685185185
5	8259	44000	0.49723148148148
5	8424	45000	0.46862037037037
5	8424	45000	0.46860185185185
5	8429	45000	0.46860185185185
5	8429	45000	0.46860185185185
5	8429	45000	0.46858333333333
5	8604	46000	0.46245
5	8604	46000	0.46245
5	8604	46000	0.46217592592593
5	8779	47000	0.45591481481481
5	8779	47000	0.45591481481481
5	8779	47000	0.45576851851852
5	8935	48000	0.44976296296296
5	8935	48000	0.44976296296296
5	8935	48000	0.44936111111111
5	9092	49000	0.44322777777778
5	9092	49000	0.44322777777778
5	9092	49000	0.4429537037037
5	9252	50000	0.43656481481481
5	9252	50000	0.43655092592593
5	9256	50000	0.43655092592593
5	9256	50000	0.43655092592593
5	9256	50000	0.43653703703704
5	9440	51000	0.43619759259259
5	9440	51000	0.43619759259259
5	9440	51000	0.43616203703704
5	9597	52000	0.43581537037037
5	9597	52000	0.43581537037037
5	9597	52000	0.43578703703704
5	9754	53000	0.43543314814815
5	9754	53000	0.43543314814815
5	9754	53000	0.43541203703704
5	9902	54000	0.43507259259259
5	9902	54000	0.43507259259259
5	9902	54000	0.43503703703704
5	10059	55000	0.43467592592593
5	10059	55000	0.43465277777778
5	10063	55000	0.43465277777778
5	10063	55000	0.43465277777778
5	10063	55000	0.43462962962963
5	10220	56000	0.40659074074074
5	10220	56000	0.40659074074074
5	10220	56000	0.40599537037037
5	10363	57000	0.37910092592593
5	10363	57000	0.37910092592593
5	10363	57000	0.37736111111111
5	10502	58000	0.34989444444444
5	10502	58000	0.34989444444444
5	10502	58000	0.34872685185185
5	10641	59000	0.32068796296296
5	10641	59000	0.32068796296296
5	10641	59000	0.32009259259259
5	10774	60000	0.29148148148148
5	10774	60000	0.29146296296296
5	10777	60000	0.29146296296296
5	10777	60000	0.29146296296296
5	10777	60000	0.29144444444444
5	10932	61000	0.28531111111111
5	10932	61000	0.28531111111111
5	10932	61000	0.28503703703704
5	11053	62000	0.27877592592593
5	11053	62000	0.27877592592593
5	11053	62000	0.27862962962963
5	11167	63000	0.27262407407407
5	11167	63000	0.27262407407407
5	11167	63000	0.27222222222222
5	11288	64000	0.26608888888889
5	11288	64000	0.26608888888889
5	11288	64000	0.26581481481481
5	11409	65000	0.25942592592593
5	11409	65000	0.25941203703704
5	11411	65000	0.25941203703704
5	11411	65000	0.25941203703704
5	11411	65000	0.25939814814815
5	11525	66000	0.2590587037037
5	11525	66000	0.2590587037037
5	11525	66000	0.25902314814815
5	11646	67000	0.25867648148148
5	11646	67000	0.25867648148148
5	11646	67000	0.25864814814815
5	11767	68000	0.25829425925926
5	11767	68000	0.25829425925926
5	11767	68000	0.25827314814815
5	11881	69000	0.2579337037037
5	11881	69000	0.2579337037037
5	11881	69000	0.25789814814815
5	12003	70000	0.25753703703704
5	12003	70000	0.25751388888889
5	12005	70000	0.25751388888889
5	12005	70000	0.25751388888889
5	12005	70000	0.25749074074074
5	12132	71000	0.22945185185185
5	12132	71000	0.22945185185185
5	12132	71000	0.22885648148148
5	12246	72000	0.20196203703704
5	12246	72000	0.20196203703704
5	12246	72000	0.20022222222222
5	12367	73000	0.17275555555556
5	12367	73000	0.17275555555556
5	12367	73000	0.17158796296296
5	12473	74000	0.14354907407407
5	12473	74000	0.14354907407407
5	12473	74000	0.1429537037037
5	12570	75000	0.11434259259259
5	12570	75000	0.11432407407407
5	12571	75000	0.11432407407407
5	12571	75000	0.11432407407407
5	12571	75000	0.11430555555556
5	12674	76000	0.10817222222222
5	12674	76000	0.10817222222222
5	12674	76000	0.10789814814815
5	12777	77000	0.10163703703704
5	12777	77000	0.10163703703704
5	12777	77000	0.10149074074074
5	12874	78000	0.095485185185185
5	12874	78000	0.095485185185185
5	12874	78000	0.095083333333333
5	12977	79000	0.08895
5	12977	79000	0.08895
5	12977	79000	0.088675925925926
5	13080	80000	0.082287037037037
5	13080	80000	0.082273148148148
5	13081	80000	0.082273148148148
5	13081	80000	0.082273148148148
5	13081	80000	0.082259259259259
5	13178	81000	0.081919814814815
5	13178	81000	0.081919814814815
5	13178	81000	0.081884259259259
5	13281	82000	0.081537592592593
5	13281	82000	0.081537592592593
5	13281	82000	0.081509259259259
5	13384	83000	0.08115537037037
5	13384	83000	0.08115537037037
5	13384	83000	0.081134259259259
5	13481	84000	0.080794814814815
5	13481	84000	0.080794814814815
5	13481	84000	0.080759259259259
5	13584	85000	0.080398148148148
5	13584	85000	0.080375
5	13585	85000	0.080375
5	13585	85000	0.080375
5	13585	85000	0.080351851851852
5	13688	86000	0.052312962962963
5	13688	86000	0.052312962962963
5	13688	86000	0.051717592592593
5	13785	87000	0.024823148148148
5	13785	87000	0.024823148148148
5	13785	87000	0.023083333333333
6	0	0	10800000
6	578	1000	10733760
6	578	1000	10733760
6	578	1000	10730800
6	753	2000	10663180
6	753	2000	10663180
6	753	2000	10661600
6	918	3000	10596740
6	918	3000	10596740
6	918	3000	10592400
6	1093	4000	10526160
6	1093	4000	10526160
6	1093	4000	10523200
6	1268	5000	10454200
6	1268	5000	10454050
6	1273	5000	10454050
6	1273	5000	10454050
6	1273	5000	10453900
6	1438	6000	10450234
6	1438	6000	10450234
6	1438	6000	10449850
6	1613	7000	10446106
6	1613	7000	10446106
6	1613	7000	10445800
6	1788	8000	10441978
6	1788	8000	10441978
6	1788	8000	10441750
6	1953	9000	10438084
6	1953	9000	10438084
6	1953	9000	10437700
6	2132	10000	10433800
6	2132	10000	10433550
6	2137	10000	10433550
6	2137	10000	10433550
6	2137	10000	10433300
6	2372	11000	10130480
6	2372	11000	10130480
6	2372	11000	10124050
6	2537	12000	9833590
6	2537	12000	9833590
6	2537	12000	9814800
6	2712	13000	9518160
6	2712	13000	9518160
6	2712	13000	9505550
6	2887	14000	9202730
6	2887	14000	9202730
6	2887	14000	9196300
6	3052	15000	8887300
6	3052	15000	8887100
6	3057	15000	8887100
6	3057	15000	8887100
6	3057	15000	8886900
6	3232	16000	8820660
6	3232	16000	8820660
6	3232	16000	8817700
6	3407	17000	8750080
6	3407	17000	8750080
6	3407	17000	8748500
6	3572	18000	8683640
6	3572	18000	8683640
6	3572	18000	8679300
6	3747	19000	8613060
6	3747	19000	8613060
6	3747	19000	8610100
6	3926	20000	8541100
6	3926	20000	8540950
6	3931	20000	8540950
6	3931	20000	8540950
6	3931	20000	8540800
6	4156	21000	8537134
6	4156	21000	8537134
6	4156	21000	8536750
6	4331	22000	8533006
6	4331	22000	8533006
6	4331	22000	8532700
6	4506	23000	8528878
6	4506	23000	8528878
6	4506	23000	8528650
6	4671	24000	8524984
6	4671	24000	8524984
6	4671	24000	8524600
6	4846	25000	8520700
6	4846	25000	8520450
6	4851	25000	8520450
6	4851	25000	8520450
6	4851	25000	8520200
6	5026	26000	8217380
6	5026	26000	8217380
6	5026	26000	8210950
6	5191	27000	7920490
6	5191	27000	7920490
6	5191	27000	7901700
6	5366	28000	7605060
6	5366	28000	7605060
6	5366	28000	7592450
6	5541	29000	7289630
6	5541	29000	7289630
6	5541	29000	7283200
6	5710	30000	6974200
6	5710	30000	6974000
6	5715	30000	6974000
6	5715	30000	6974000
6	5715	30000	6973800
6	5950	31000	6907560
6	5950	31000	6907560
6	5950	31000	6904600
6	6125	32000	6836980
6	6125	32000	6836980
6	6125	32000	6835400
6	6290	33000	6770540
6	6290	33000	6770540
6	6290	33000	6766200
6	6465	34000	6699960
6	6465	34000	6699960
6	6465	34000	6697000
6	6640	35000	6628000
6	6640	35000	6627850
6	6645	35000	6627850
6	6645	35000	6627850
6	6645	35000	6627700
6	6810	36000	6624034
6	6810	36000	6624034
6	6810	36000	6623650
6	6985	37000	6619906
6	6985	37000	6619906
6	6985	37000	6619600
6	7160	38000	6615778
6	7160	38000	6615778
6	7160	38000	6615550
6	7325	39000	6611884
6	7325	39000	6611884
6	7325	39000	6611500
6	7504	40000	6607600
6	7504	40000	6607350
6	7509	40000	6607350
6	7509	40000	6607350
6	7509	40000	6607100
6	7744	41000	6304280
6	7744	41000	6304280
6	7744	41000	6297850
6	7909	42000	6007390
6	7909	42000	6007390
6	7909	42000	5988600
6	8084	43000	5691960
6	8084	43000	5691960
6	8084	43000	5679350
6	8259	44000	5376530
6	8259	44000	5376530
6	8259	44000	5370100
6	8424	45000	5061100
6	8424	45000	5060900
6	8429	45000	5060900
6	8429	45000	5060900
6	8429	45000	5060700
6	8604	46000	4994460
6	8604	46000	4994460
6	8604	46000	4991500
6	8779	47000	4923880
6	8779	47000	4923880
6	8779	47000	4922300
6	8935	48000	4857440
6	8935	48000	4857440
6	8935	48000	4853100
6	9092	49000	4786860
6	9092	49000	4786860
6	9092	49000	4783900
6	9252	50000	4714900
6	9252	50000	4714750
6	9256	50000	4714750
6	9256	50000	4714750
6	9256	50000	4714600
6	9440	51000	4710934
6	9440	51000	4710934
6	9440	51000	4710550
6	9597	52000	4706806
6	9597	52000	4706806
6	9597	52000	4706500
6	9754	53000	4702678
6	9754	53000	4702678
6	9754	53000	4702450
6	9902	54000	4698784
6	9902	54000	4698784
6	9902	54000	4698400
6	10059	55000	4694500
6	10059	55000	4694250
6	10063	55000	4694250
6	10063	55000	4694250
6	10063	55000	4694000
6	10220	56000	4391180
6	10220	56000	4391180
6	10220	56000	4384750
6	10363	57000	4094290
6	10363	57000	4094290
6	10363	57000	4075500
6	10502	58000	3778860
6	10502	58000	3778860
6	10502	58000	3766250
6	10641	59000	3463430
6	10641	59000	3463430
6	10641	59000	3457000
6	10774	60000	3148000
6	10774	60000	3147800
6	10777	60000	3147800
6	10777	60000	3147800
6	10777	60000	3147600
6	10932	61000	3081360
6	10932	61000	3081360
6	10932	61000	3078400
6	11053	62000	3010780
6	11053	62000	3010780
6	11053	62000	3009200
6	11167	63000	2944340
6	11167	63000	2944340
6	11167	63000	2940000
6	11288	64000	2873760
6	11288	64000	2873760
6	11288	64000	2870800
6	11409	65000	2801800
6	11409	65000	2801650
6	11411	65000	2801650
6	11411	65000	2801650
6	11411	65000	2801500
6	11525	66000	2797834
6	11525	66000	2797834
6	11525	66000	2797450
6	11646	67000	2793706
6	11646	67000	2793706
6	11646	67000	2793400
6	11767	68000	2789578
6	11767	68000	2789578
6	11767	68000	2789350
6	11881	69000	2785684
6	11881	69000	2785684
6	11881	69000	2785300
6	12003	70000	2781400
6	12003	70000	2781150
6	12005	70000	2781150
6	12005	70000	2781150
6	12005	70000	2780900
6	12132	71000	2478080
6	12132	71000	2478080
6	12132	71000	2471650
6	12246	72000	2181190
6	12246	72000	2181190
6	12246	72000	2162400
6	12367	73000	1865760
6	12367	73000	1865760
6	12367	73000	1853150
6	12473	74000	1550330
6	12473	74000	1550330
6	12473	74000	1543900
6	12570	75000	1234900
6	12570	75000	1234700
6	12571	75000	1234700
6	12571	75000	1234700
6	12571	75000	1234500
6	12674	76000	1168260
6	12674	76000	1168260
6	12674	76000	1165300
6	12777	77000	1097680
6	12777	77000	1097680
6	12777	77000	1096100
6	12874	78000	1031240
6	12874	78000	1031240
6	12874	78000	1026900
6	12977	79000	960660
6	12977	79000	960660
6	12977	79000	957700
6	13080	80000	888700
6	13080	80000	888550
6	13081	80000	888550
6	13081	80000	888550
6	13081	80000	888400
6	13178	81000	884734
6	13178	81000	884734
6	13178	81000	884350
6	13281	82000	880606
6	13281	82000	880606
6	13281	82000	880300
6	13384	83000	876478
6	13384	83000	876478
6	13384	83000	876250
6	13481	84000	872584
6	13481	84000	872584
6	13481	84000	872200
6	13584	85000	868300
6	13584	85000	868050
6	13585	85000	868050
6	13585	85000	868050
6	13585	85000	867800
6	13688	86000	564980
6	13688	86000	564980
6	13688	86000	558550
6	13785	87000	268090
6	13785	87000	268090
6	13785	87000	249300
10	0	0	0
10	0	0	0
10	1269	5000	1
10	2133	10000	2
10	3053	15000	0
10	3053	15000	0
10	3927	20000	1
10	4847	25000	2
10	5711	30000	0
10	5711	30000	0
10	6641	35000	1
10	7505	40000	2
10	8425	45000	0
10	8425	45000	0
10	9253	50000	1
10	10060	55000	2
10	10775	60000	0
10	10775	60000	0
10	11410	65000	1
10	12004	70000	2
11	0	0	3
11	31	0	3
11	31	0	3
11	579	1000	3
11	579	1000	3
11	579	1000	3
11	754	2000	3
11	754	2000	3
11	754	2000	3
11	919	3000	3
11	919	3000	3
11	919	3000	3
11	1094	4000	3
11	1094	4000	3
11	1094	4000	3
11	1269	5000	3
11	1269	5000	3
11	1274	5000	3
11	1274	5000	3
11	1274	5000	3
11	1439	6000	3
11	1439	6000	3
11	1439	6000	3
11	1614	7000	3
11	1614	7000	3
11	1614	7000	3
11	1789	8000	3
11	1789	8000	3
11	1789	8000	3
11	1954	9000	3
11	1954	9000	3
11	1954	9000	3
11	2128	10000	3
11	2128	10000	3
11	2133	10000	3
11	2133	10000	3
11	2138	10000	3
11	2138	10000	3
11	2138	10000	3
11	2182	10000	3
11	2182	10000	3
11	2373	11000	3
11	2373	11000	3
11	2373	11000	3
11	2538	12000	3
11	2538	12000	3
11	2538	12000	3
11	2713	13000	3
11	2713	13000	3
11	2713	13000	3
11	2888	14000	3
11	2888	14000	3
11	2888	14000	3
11	3053	15000	3
11	3053	15000	3
11	3058	15000	3
11	3058	15000	3
11	3058	15000	3
11	3233	16000	3
11	3233	16000	3
11	3233	16000	3
11	3408	17000	3
11	3408	17000	3
11	3408	17000	3
11	3573	18000	3
11	3573	18000	3
11	3573	18000	3
11	3748	19000	3
11	3748	19000	3
11	3748	19000	3
11	3922	20000	3
11	3922	20000	3
11	3927	20000	3
11	3927	20000	3
11	3932	20000	3
11	3932	20000	3
11	3932	20000	3
11	3976	20000	3
11	3976	20000	3
11	4157	21000	3
11	4157	21000	3
11	4157	21000	3
11	4332	22000	3
11	4332	22000	3
11	4332	22000	3
11	4507	23000	3
11	4507	23000	3
11	4507	23000	3
11	4672	24000	3
11	4672	24000	3
11	4672	24000	3
11	4847	25000	3
11	4847	25000	3
11	4852	25000	3
11	4852	25000	3
11	4852	25000	3
11	5027	26000	3
11	5027	26000	3
11	5027	26000	3
11	5192	27000	3
11	5192	27000	3
11	5192	27000	3
11	5367	28000	3
11	5367	28000	3
11	5367	28000	3
11	5542	29000	3
11	5542	29000	3
11	5542	29000	3
11	5706	30000	3
11	5706	30000	3
11	5711	30000	3
11	5711	30000	3
11	5716	30000	3
11	5716	30000	3
11	5716	30000	3
11	5760	30000	3
11	5760	30000	3
11	5951	31000	3
11	5951	31000	3
11	5951	31000	3
11	6126	32000	3
11	6126	32000	3
11	6126	32000	3
11	6291	33000	3
11	6291	33000	3
11	6291	33000	3
11	6466	34000	3
11	6466	34000	3
11	6466	34000	3
11	6641	35000	3
11	6641	35000	3
11	6646	35000	3
11	6646	35000	3
11	6646	35000	3
11	6811	36000	3
11	6811	36000	3
11	6811	36000	3
11	6986	37000	3
11	6986	37000	3
11	6986	37000	3
11	7161	38000	3
11	7161	38000	3
11	7161	38000	3
11	7326	39000	3
11	7326	39000	3
11	7326	39000	3
11	7500	40000	3
11	7500	40000	3
11	7505	40000	3
11	7505	40000	3
11	7510	40000	3
11	7510	40000	3
11	7510	40000	3
11	7554	40000	3
11	7554	40000	3
11	7745	41000	3
11	7745	41000	3
11	7745	41000	3
11	7910	42000	3
11	7910	42000	3
11	7910	42000	3
11	8085	43000	3
11	8085	43000	3
11	8085	43000	3
11	8260	44000	3
11	8260	44000	3
11	8260	44000	3
11	8425	45000	3
11	8425	45000	3
11	8430	45000	3
11	8430	45000	3
11	8430	45000	3
11	8605	46000	3
11	8605	46000	3
11	8605	46000	3
11	8780	47000	3
11	8780	47000	3
11	8780	47000	3
11	8936	48000	3
11	8936	48000	3
11	8936	48000	3
11	9093	49000	3
11	9093	49000	3
11	9093	49000	3
11	9249	50000	3
11	9249	50000	3
11	9253	50000	3
11	9253	50000	3
11	9257	50000	3
11	9257	50000	3
11	9257	50000	3
11	9284	50000	3
11	9284	50000	3
11	9441	51000	3
11	9441	51000	3
11	9441	51000	3
11	9598	52000	3
11	9598	52000	3
11	9598	52000	3
11	9755	53000	3
11	9755	53000	3
11	9755	53000	3
11	9903	54000	3
11	9903	54000	3
11	9903	54000	3
11	10060	55000	3
11	10060	55000	3
11	10064	55000	3
11	10064	55000	3
11	10064	55000	3
11	10221	56000	3
11	10221	56000	3
11	10221	56000	3
11	10364	57000	3
11	10364	57000	3
11	10364	57000	3
11	10503	58000	3
11	10503	58000	3
11	10503	58000	3
11	10642	59000	3
11	10642	59000	3
11	10642	59000	3
11	10772	60000	3
11	10772	60000	3
11	10775	60000	3
11	10775	60000	3
11	10778	60000	3
11	10778	60000	3
11	10778	60000	3
11	10792	60000	3
11	10792	60000	3
11	10933	61000	3
11	10933	61000	3
11	10933	61000	3
11	11054	62000	3
11	11054	62000	3
11	11054	62000	3
11	11168	63000	3
11	11168	63000	3
11	11168	63000	3
11	11289	64000	3
11	11289	64000	3
11	11289	64000	3
11	11410	65000	3
11	11410	65000	3
11	11412	65000	3
11	11412	65000	3
11	11412	65000	3
11	11526	66000	3
11	11526	66000	3
11	11526	66000	3
11	11647	67000	3
11	11647	67000	3
11	11647	67000	3
11	11768	68000	3
11	11768	68000	3
11	11768	68000	3
11	11882	69000	3
11	11882	69000	3
11	11882	69000	3
11	12002	70000	3
11	12002	70000	3
11	12004	70000	3
11	12004	70000	3
11	12006	70000	3
11	12006	70000	3
11	12006	70000	3
11	12011	70000	3
11	12011	70000	3
11	12133	71000	3
11	12133	71000	3
11	12133	71000	3
11	12247	72000	3
11	12247	72000	3
11	12247	72000	3
11	12368	73000	3
11	12368	73000	3
11	12368	73000	3
12	0	0	1
12	31	0	0.9999537037037
12	31	0	0.99993518518519
12	579	1000	0.99059259259259
12	579	1000	0.99059259259259
12	579	1000	0.99018518518519
12	754	2000	0.98065740740741
12	754	2000	0.98065740740741
12	754	2000	0.98044444444444
12	919	3000	0.97130555555556
12	919	3000	0.97130555555556
12	919	3000	0.9707037037037
12	1094	4000	0.96137037037037
12	1094	4000	0.96137037037037
12	1094	4000	0.96096296296296
12	1269	5000	0.95124074074074
12	1269	5000	0.95122685185185
12	1274	5000	0.95122685185185
12	1274	5000	0.95122685185185
12	1274	5000	0.95121296296296
12	1439	6000	0.95056018518519
12	1439	6000	0.95056018518519
12	1439	6000	0.95050462962963
12	1614	7000	0.94983796296296
12	1614	7000	0.94983796296296
12	1614	7000	0.9497962962963
12	1789	8000	0.94911574074074
12	1789	8000	0.94911574074074
12	1789	8000	0.94908796296296
12	1954	9000	0.94843518518519
12	1954	9000	0.94843518518519
12	1954	9000	0.94837962962963
12	2128	10000	0.94771296296296
12	2128	10000	0.9476712962963
12	2133	10000	0.9476712962963
12	2133	10000	0.94764814814815
12	2138	10000	0.94764814814815
12	2138	10000	0.94764814814815
12	2138	10000	0.947625
12	2182	10000	0.94756944444444
12	2182	10000	0.9475462962963
12	2373	11000	0.91623148148148
12	2373	11000	0.91623148148148
12	2373	11000	0.91556944444444
12	2538	12000	0.88554166666667
12	2538	12000	0.88554166666667
12	2538	12000	0.88360185185185
12	2713	13000	0.85293518518519
12	2713	13000	0.85293518518519
12	2713	13000	0.85163425925926
12	2888	14000	0.8203287037037
12	2888	14000	0.8203287037037
12	2888	14000	0.81966666666667
12	3053	15000	0.78772222222222
12	3053	15000	0.7877037037037
12	3058	15000	0.7877037037037
12	3058	15000	0.7877037037037
12	3058	15000	0.78768518518519
12	3233	16000	0.77835185185185
12	3233	16000	0.77835185185185
12	3233	16000	0.77794444444444
12	3408	17000	0.76841666666667
12	3408	17000	0.76841666666667
12	3408	17000	0.7682037037037
12	3573	18000	0.75906481481481
12	3573	18000	0.75906481481481
12	3573	18000	0.75846296296296
12	3748	19000	0.74912962962963
12	3748	19000	0.74912962962963
12	3748	19000	0.74872222222222
12	3922	20000	0.73919444444444
12	3922	20000	0.73898148148148
12	3927	20000	0.73898148148148
12	3927	20000	0.73896759259259
12	3932	20000	0.73896759259259
12	3932	20000	0.73896759259259
12	3932	20000	0.7389537037037
12	3976	20000	0.73889814814815
12	3976	20000	0.73888425925926
12	4157	21000	0.73822222222222
12	4157	21000	0.73822222222222
12	4157	21000	0.73816666666667
12	4332	22000	0.7375
12	4332	22000	0.7375
12	4332	22000	0.73745833333333
12	4507	23000	0.73677777777778
12	4507	23000	0.73677777777778
12	4507	23000	0.73675
12	4672	24000	0.73609722222222
12	4672	24000	0.73609722222222
12	4672	24000	0.73604166666667
12	4847	25000	0.73534722222222
12	4847	25000	0.73532407407407
12	4852	25000	0.73532407407407
12	4852	25000	0.73532407407407
12	4852	25000	0.73530092592593
12	5027	26000	0.70399537037037
12	5027	26000	0.70399537037037
12	5027	26000	0.70333333333333
12	5192	27000	0.67330555555556
12	5192	27000	0.67330555555556
12	5192	27000	0.67136574074074
12	5367	28000	0.64069907407407
12	5367	28000	0.64069907407407
12	5367	28000	0.63939814814815
12	5542	29000	0.60809259259259
12	5542	29000	0.60809259259259
12	5542	29000	0.60743055555556
12	5706	30000	0.57740277777778
12	5706	30000	0.57546296296296
12	5711	30000	0.57546296296296
12	5711	30000	0.57544444444444
12	5716	30000	0.57544444444444
12	5716	30000	0.57544444444444
12	5716	30000	0.57542592592593
12	5760	30000	0.57537037037037
12	5760	30000	0.57535185185185
12	5951	31000	0.56600925925926
12	5951	31000	0.56600925925926
12	5951	31000	0.56560185185185
12	6126	32000	0.55607407407407
12	6126	32000	0.55607407407407
12	6126	32000	0.55586111111111
12	6291	33000	0.54672222222222
12	6291	33000	0.54672222222222
12	6291	33000	0.54612037037037
12	6466	34000	0.53678703703704
12	6466	34000	0.53678703703704
12	6466	34000	0.53637962962963
12	6641	35000	0.52665740740741
12	6641	35000	0.52664351851852
12	6646	35000	0.52664351851852
12	6646	35000	0.52664351851852
12	6646	35000	0.52662962962963
12	6811	36000	0.52597685185185
12	6811	36000	0.52597685185185
12	6811	36000	0.5259212962963
12	6986	37000	0.52525462962963
12	6986	37000	0.52525462962963
12	6986	37000	0.52521296296296
12	7161	38000	0.52453240740741
12	7161	38000	0.52453240740741
12	7161	38000	0.52450462962963
12	7326	39000	0.52385185185185
12	7326	39000	0.52385185185185
12	7326	39000	0.5237962962963
12	7500	40000	0.52312962962963
12	7500	40000	0.52308796296296
12	7505	40000	0.52308796296296
12	7505	40000	0.52306481481481
12	7510	40000	0.52306481481481
12	7510	40000	0.52306481481481
12	7510	40000	0.52304166666667
12	7554	40000	0.52298611111111
12	7554	40000	0.52296296296296
12	7745	41000	0.49164814814815
12	7745	41000	0.49164814814815
12	7745	41000	0.49098611111111
12	7910	42000	0.46095833333333
12	7910	42000	0.46095833333333
12	7910	42000	0.45901851851852
12	8085	43000	0.42835185185185
12	8085	43000	0.42835185185185
12	8085	43000	0.42705092592593
12	8260	44000	0.39574537037037
12	8260	44000	0.39574537037037
12	8260	44000	0.39508333333333
12	8425	45000	0.36313888888889
12	8425	45000	0.36312037037037
12	8430	45000	0.36312037037037
12	8430	45000	0.36312037037037
12	8430	45000	0.36310185185185
12	8605	46000	0.35376851851852
12	8605	46000	0.35376851851852
12	8605	46000	0.35336111111111
12	8780	47000	0.34383333333333
12	8780	47000	0.34383333333333
12	8780	47000	0.34362037037037
12	8936	48000	0.33448148148148
12	8936	48000	0.33448148148148
12	8936	48000	0.33387962962963
12	9093	49000	0.3245462962963
12	9093	49000	0.3245462962963
12	9093	49000	0.32413888888889
12	9249	50000	0.31461111111111
12	9249	50000	0.31439814814815
12	9253	50000	0.31439814814815
12	9253	50000	0.31438425925926
12	9257	50000	0.31438425925926
12	9257	50000	0.31438425925926
12	9257	50000	0.31437037037037
12	9284	50000	0.31431481481481
12	9284	50000	0.31430092592593
12	9441	51000	0.31363888888889
12	9441	51000	0.31363888888889
12	9441	51000	0.31358333333333
12	9598	52000	0.31291666666667
12	9598	52000	0.31291666666667
12	9598	52000	0.312875
12	9755	53000	0.31219444444444
12	9755	53000	0.31219444444444
12	9755	53000	0.31216666666667
12	9903	54000	0.31151388888889
12	9903	54000	0.31151388888889
12	9903	54000	0.31145833333333
12	10060	55000	0.31076388888889
12	10060	55000	0.31074074074074
12	10064	55000	0.31074074074074
12	10064	55000	0.31074074074074
12	10064	55000	0.31071759259259
12	10221	56000	0.27941203703704
12	10221	56000	0.27941203703704
12	10221	56000	0.27875
12	10364	57000	0.24872222222222
12	10364	57000	0.24872222222222
12	10364	57000	0.24678240740741
12	10503	58000	0.21611574074074
12	10503	58000	0.21611574074074
12	10503	58000	0.21481481481481
12	10642	59000	0.18350925925926
12	10642	59000	0.18350925925926
12	10642	59000	0.18284722222222
12	10772	60000	0.15281944444444
12	10772	60000	0.15087962962963
12	10775	60000	0.15087962962963
12	10775	60000	0.15086111111111
12	10778	60000	0.15086111111111
12	10778	60000	0.15086111111111
12	10778	60000	0.15084259259259
12	10792	60000	0.15078703703704
12	10792	60000	0.15076851851852
12	10933	61000	0.14142592592593
12	10933	61000	0.14142592592593
12	10933	61000	0.14101851851852
12	11054	62000	0.13149074074074
12	11054	62000	0.13149074074074
12	11054	62000	0.13127777777778
12	11168	63000	0.12213888888889
12	11168	63000	0.12213888888889
12	11168	63000	0.12153703703704
12	11289	64000	0.1122037037037
12	11289	64000	0.1122037037037
12	11289	64000	0.1117962962963
12	11410	65000	0.10207407407407
12	11410	65000	0.10206018518519
12	11412	65000	0.10206018518519
12	11412	65000	0.10206018518519
12	11412	65000	0.1020462962963
12	11526	66000	0.10139351851852
12	11526	66000	0.10139351851852
12	11526	66000	0.10133796296296
12	11647	67000	0.1006712962963
12	11647	67000	0.1006712962963
12	11647	67000	0.10062962962963
12	11768	68000	0.099949074074074
12	11768	68000	0.099949074074074
12	11768	68000	0.099921296296296
12	11882	69000	0.099268518518519
12	11882	69000	0.099268518518519
12	11882	69000	0.099212962962963
12	12002	70000	0.098546296296296
12	12002	70000	0.09850462962963
12	12004	70000	0.09850462962963
12	12004	70000	0.098481481481481
12	12006	70000	0.098481481481481
12	12006	70000	0.098481481481481
12	12006	70000	0.098458333333333
12	12011	70000	0.098402777777778
12	12011	70000	0.09837962962963
12	12133	71000	0.067064814814815
12	12133	71000	0.067064814814815
12	12133	71000	0.066402777777778
12	12247	72000	0.036375
12	12247	72000	0.036375
12	12247	72000	0.034435185185185
12	12368	73000	0.0037685185185185
12	12368	73000	0.0037685185185185
12	12368	73000	0.0024675925925926
13	0	0	10800000
13	31	0	10799500
13	31	0	10799300
13	579	1000	10698400
13	579	1000	10698400
13	579	1000	10694000
13	754	2000	10591100
13	754	2000	10591100
13	754	2000	10588800
13	919	3000	10490100
13	919	3000	10490100
13	919	3000	10483600
13	1094	4000	10382800
13	1094	4000	10382800
13	1094	4000	10378400
13	1269	5000	10273400
13	1269	5000	10273250
13	1274	5000	10273250
13	1274	5000	10273250
13	1274	5000	10273100
13	1439	6000	10266050
13	1439	6000	10266050
13	1439	6000	10265450
13	1614	7000	10258250
13	1614	7000	10258250
13	1614	7000	10257800
13	1789	8000	10250450
13	1789	8000	10250450
13	1789	8000	10250150
13	1954	9000	10243100
13	1954	9000	10243100
13	1954	9000	10242500
13	2128	10000	10235300
13	2128	10000	10234850
13	2133	10000	10234850
13	2133	10000	10234600
13	2138	10000	10234600
13	2138	10000	10234600
13	2138	10000	10234350
13	2182	10000	10233750
13	2182	10000	10233500
13	2373	11000	9895300
13	2373	11000	9895300
13	2373	11000	9888150
13	2538	12000	9563850
13	2538	12000	9563850
13	2538	12000	9542900
13	2713	13000	9211700
13	2713	13000	9211700
13	2713	13000	9197650
13	2888	14000	8859550
13	2888	14000	8859550
13	2888	14000	8852400
13	3053	15000	8507400
13	3053	15000	8507200
13	3058	15000	8507200
13	3058	15000	8507200
13	3058	15000	8507000
13	3233	16000	8406200
13	3233	16000	8406200
13	3233	16000	8401800
13	3408	17000	8298900
13	3408	17000	8298900
13	3408	17000	8296600
13	3573	18000	8197900
13	3573	18000	8197900
13	3573	18000	8191400
13	3748	19000	8090600
13	3748	19000	8090600
13	3748	19000	8086200
13	3922	20000	7983300
13	3922	20000	7981000
13	3927	20000	7981000
13	3927	20000	7980850
13	3932	20000	7980850
13	3932	20000	7980850
13	3932	20000	7980700
13	3976	20000	7980100
13	3976	20000	7979950
13	4157	21000	7972800
13	4157	21000	7972800
13	4157	21000	7972200
13	4332	22000	7965000
13	4332	22000	7965000
13	4332	22000	7964550
13	4507	23000	7957200
13	4507	23000	7957200
13	4507	23000	7956900
13	4672	24000	7949850
13	4672	24000	7949850
13	4672	24000	7949250
13	4847	25000	7941750
13	4847	25000	7941500
13	4852	25000	7941500
13	4852	25000	7941500
13	4852	25000	7941250
13	5027	26000	7603150
13	5027	26000	7603150
13	5027	26000	7596000
13	5192	27000	7271700
13	5192	27000	7271700
13	5192	27000	7250750
13	5367	28000	6919550
13	5367	28000	6919550
13	5367	28000	6905500
13	5542	29000	6567400
13	5542	29000	6567400
13	5542	29000	6560250
13	5706	30000	6235950
13	5706	30000	6215000
13	5711	30000	6215000
13	5711	30000	6214800
13	5716	30000	6214800
13	5716	30000	6214800
13	5716	30000	6214600
13	5760	30000	6214000
13	5760	30000	6213800
13	5951	31000	6112900
13	5951	31000	6112900
13	5951	31000	6108500
13	6126	32000	6005600
13	6126	32000	6005600
13	6126	32000	6003300
13	6291	33000	5904600
13	6291	33000	5904600
13	6291	33000	5898100
13	6466	34000	5797300
13	6466	34000	5797300
13	6466	34000	5792900
13	6641	35000	5687900
13	6641	35000	5687750
13	6646	35000	5687750
13	6646	35000	5687750
13	6646	35000	5687600
13	6811	36000	5680550
13	6811	36000	5680550
13	6811	36000	5679950
13	6986	37000	5672750
13	6986	37000	5672750
13	6986	37000	5672300
13	7161	38000	5664950
13	7161	38000	5664950
13	7161	38000	5664650
13	7326	39000	5657600
13	7326	39000	5657600
13	7326	39000	5657000
13	7500	40000	5649800
13	7500	40000	5649350
13	7505	40000	5649350
13	7505	40000	5649100
13	7510	40000	5649100
13	7510	40000	5649100
13	7510	40000	5648850
13	7554	40000	5648250
13	7554	40000	5648000
13	7745	41000	5309800
13	7745	41000	5309800
13	7745	41000	5302650
13	7910	42000	4978350
13	7910	42000	4978350
13	7910	42000	4957400
13	8085	43000	4626200
13	8085	43000	4626200
13	8085	43000	4612150
13	8260	44000	4274050
13	8260	44000	4274050
13	8260	44000	4266900
13	8425	45000	3921900
13	8425	45000	3921700
13	8430	45000	3921700
13	8430	45000	3921700
13	8430	45000	3921500
13	8605	46000	3820700
13	8605	46000	3820700
13	8605	46000	3816300
13	8780	47000	3713400
13	8780	47000	3713400
13	8780	47000	3711100
13	8936	48000	3612400
13	8936	48000	3612400
13	8936	48000	3605900
13	9093	49000	3505100
13	9093	49000	3505100
13	9093	49000	3500700
13	9249	50000	3397800
13	9249	50000	3395500
13	9253	50000	3395500
13	9253	50000	3395350
13	9257	50000	3395350
13	9257	50000	3395350
13	9257	50000	3395200
13	9284	50000	3394600
13	9284	50000	3394450
13	9441	51000	3387300
13	9441	51000	3387300
13	9441	51000	3386700
13	9598	52000	3379500
13	9598	52000	3379500
13	9598	52000	3379050
13	9755	53000	3371700
13	9755	53000	3371700
13	9755	53000	3371400
13	9903	54000	3364350
13	9903	54000	3364350
13	9903	54000	3363750
13	10060	55000	3356250
13	10060	55000	3356000
13	10064	55000	3356000
13	10064	55000	3356000
13	10064	55000	3355750
13	10221	56000	3017650
13	10221	56000	3017650
13	10221	56000	3010500
13	10364	57000	2686200
13	10364	57000	2686200
13	10364	57000	2665250
13	10503	58000	2334050
13	10503	58000	2334050
13	10503	58000	2320000
13	10642	59000	1981900
13	10642	59000	1981900
13	10642	59000	1974750
13	10772	60000	1650450
13	10772	60000	1629500
13	10775	60000	1629500
13	10775	60000	1629300
13	10778	60000	1629300
13	10778	60000	1629300
13	10778	60000	1629100
13	10792	60000	1628500
13	10792	60000	1628300
13	10933	61000	1527400
13	10933	61000	1527400
13	10933	61000	1523000
13	11054	62000	1420100
13	11054	62000	1420100
13	11054	62000	1417800
13	11168	63000	1319100
13	11168	63000	1319100
13	11168	63000	1312600
13	11289	64000	1211800
13	11289	64000	1211800
13	11289	64000	1207400
13	11410	65000	1102400
13	11410	65000	1102250
13	11412	65000	1102250
13	11412	65000	1102250
13	11412	65000	1102100
13	11526	66000	1095050
13	11526	66000	1095050
13	11526	66000	1094450
13	11647	67000	1087250
13	11647	67000	1087250
13	11647	67000	1086800
13	11768	68000	1079450
13	11768	68000	1079450
13	11768	68000	1079150
13	11882	69000	1072100
13	11882	69000	1072100
13	11882	69000	1071500
13	12002	70000	1064300
13	12002	70000	1063850
13	12004	70000	1063850
13	12004	70000	1063600
13	12006	70000	1063600
13	12006	70000	1063600
13	12006	70000	1063350
13	12011	70000	1062750
13	12011	70000	1062500
13	12133	71000	724300
13	12133	71000	724300
13	12133	71000	717150
13	12247	72000	392850
13	12247	72000	392850
13	12247	72000	371900
13	12368	73000	40700
13	12368	73000	40700
13	12368	73000	26650
17	0	0	0
17	0	0	0
17	1270	5000	1
17	2134	10000	2
17	3054	15000	0
17	3054	15000	0
17	3928	20000	1
17	4848	25000	2
17	5712	30000	0
17	5712	30000	0
17	6642	35000	1
17	7506	40000	2
17	8426	45000	0
17	8426	45000	0
17	9254	50000	1
17	10061	55000	2
17	10776	60000	0
17	10776	60000	0
18	0	0	3
18	32	0	3
18	32	0	3
18	33	0	3
18	33	0	3
18	580	1000	3
18	580	1000	3
18	580	1000	3
18	755	2000	3
18	755	2000	3
18	755	2000	3
18	920	3000	3
18	920	3000	3
18	920	3000	3
18	1095	4000	3
18	1095	4000	3
18	1095	4000	3
18	1270	5000	3
18	1270	5000	3
18	1275	5000	3
18	1275	5000	3
18	1275	5000	3
18	1440	6000	3
18	1440	6000	3
18	1440	6000	3
18	1615	7000	3
18	1615	7000	3
18	1615	7000	3
18	1790	8000	3
18	1790	8000	3
18	1790	8000	3
18	1955	9000	3
18	1955	9000	3
18	1955	9000	3
18	2129	10000	3
18	2129	10000	3
18	2134	10000	3
18	2134	10000	3
18	2139	10000	3
18	2139	10000	3
18	2139	10000	3
18	2183	10000	3
18	2183	10000	3
18	2184	10000	3
18	2184	10000	3
18	2374	11000	3
18	2374	11000	3
18	2374	11000	3
18	2539	12000	3
18	2539	12000	3
18	2539	12000	3
18	2714	13000	3
18	2714	13000	3
18	2714	13000	3
18	2889	14000	3
18	2889	14000	3
18	2889	14000	3
18	3054	15000	3
18	3054	15000	3
18	3059	15000	3
18	3059	15000	3
18	3059	15000	3
18	3234	16000	3
18	3234	16000	3
18	3234	16000	3
18	3409	17000	3
18	3409	17000	3
18	3409	17000	3
18	3574	18000	3
18	3574	18000	3
18	3574	18000	3
18	3749	19000	3
18	3749	19000	3
18	3749	19000	3
18	3923	20000	3
18	3923	20000	3
18	3928	20000	3
18	3928	20000	3
18	3933	20000	3
18	3933	20000	3
18	3933	20000	3
18	3977	20000	3
18	3977	20000	3
18	3978	20000	3
18	3978	20000	3
18	4158	21000	3
18	4158	21000	3
18	4158	21000	3
18	4333	22000	3
18	4333	22000	3
18	4333	22000	3
18	4508	23000	3
18	4508	23000	3
18	4508	23000	3
18	4673	24000	3
18	4673	24000	3
18	4673	24000	3
18	4848	25000	3
18	4848	25000	3
18	4853	25000	3
18	4853	25000	3
18	4853	25000	3
18	5028	26000	3
18	5028	26000	3
18	5028	26000	3
18	5193	27000	3
18	5193	27000	3
18	5193	27000	3
18	5368	28000	3
18	5368	28000	3
18	5368	28000	3
18	5543	29000	3
18	5543	29000	3
18	5543	29000	3
18	5707	30000	3
18	5707	30000	3
18	5712	30000	3
18	5712	30000	3
18	5717	30000	3
18	5717	30000	3
18	5717	30000	3
18	5761	30000	3
18	5761	30000	3
18	5762	30000	3
18	5762	30000	3
18	5952	31000	3
18	5952	31000	3
18	5952	31000	3
18	6127	32000	3
18	6127	32000	3
18	6127	32000	3
18	6292	33000	3
18	6292	33000	3
18	6292	33000	3
18	6467	34000	3
18	6467	34000	3
18	6467	34000	3
18	6642	35000	3
18	6642	35000	3
18	6647	35000	3
18	6647	35000	3
18	6647	35000	3
18	6812	36000	3
18	6812	36000	3
18	6812	36000	3
18	6987	37000	3
18	6987	37000	3
18	6987	37000	3
18	7162	38000	3
18	7162	38000	3
18	7162	38000	3
18	7327	39000	3
18	7327	39000	3
18	7327	39000	3
18	7501	40000	3
18	7501	40000	3
18	7506	40000	3
18	7506	40000	3
18	7511	40000	3
18	7511	40000	3
18	7511	40000	3
18	7555	40000	3
18	7555	40000	3
18	7556	40000	3
18	7556	40000	3
18	7746	41000	3
18	7746	41000	3
18	7746	41000	3
18	7911	42000	3
18	7911	42000	3
18	7911	42000	3
18	8086	43000	3
18	8086	43000	3
18	8086	43000	3
18	8261	44000	3
18	8261	44000	3
18	8261	44000	3
18	8426	45000	3
18	8426	45000	3
18	8431	45000	3
18	8431	45000	3
18	8431	45000	3
18	8606	46000	3
18	8606	46000	3
18	8606	46000	3
18	8781	47000	3
18	8781	47000	3
18	8781	47000	3
18	8937	48000	3
18	8937	48000	3
18	8937	48000	3
18	9094	49000	3
18	9094	49000	3
18	9094	49000	3
18	9250	50000	3
18	9250	50000	3
18	9254	50000	3
18	9254	50000	3
18	9258	50000	3
18	9258	50000	3
18	9258	50000	3
18	9285	50000	3
18	9285	50000	3
18	9286	50000	3
18	9286	50000	3
18	9442	51000	3
18	9442	51000	3
18	9442	51000	3
18	9599	52000	3
18	9599	52000	3
18	9599	52000	3
18	9756	53000	3
18	9756	53000	3
18	9756	53000	3
18	9904	54000	3
18	9904	54000	3
18	9904	54000	3
18	10061	55000	3
18	10061	55000	3
18	10065	55000	3
18	10065	55000	3
18	10065	55000	3
18	10222	56000	3
18	10222	56000	3
18	10222	56000	3
18	10365	57000	3
18	10365	57000	3
18	10365	57000	3
18	10504	58000	3
18	10504	58000	3
18	10504	58000	3
18	10643	59000	3
18	10643	59000	3
18	10643	59000	3
18	10773	60000	3
18	10773	60000	3
18	10776	60000	3
18	10776	60000	3
18	10779	60000	3
18	10779	60000	3
18	10779	60000	3
18	10793	60000	3
18	10793	60000	3
18	10794	60000	3
18	10794	60000	3
19	0	0	1
19	32	0	0.99990740740741
19	32	0	0.99988888888889
19	33	0	0.99988888888889
19	33	0	0.99987037037037
19	580	1000	0.98731851851852
19	580	1000	0.98731851851852
19	580	1000	0.98677777777778
19	755	2000	0.97398333333333
19	755	2000	0.97398333333333
19	755	2000	0.9737037037037
19	920	3000	0.96143148148148
19	920	3000	0.96143148148148
19	920	3000	0.96062962962963
19	1095	4000	0.9480962962963
19	1095	4000	0.9480962962963
19	1095	4000	0.94755555555556
19	1270	5000	0.9345
19	1270	5000	0.93448611111111
19	1275	5000	0.93448611111111
19	1275	5000	0.93448611111111
19	1275	5000	0.93447222222222
19	1440	6000	0.93350611111111
19	1440	6000	0.93350611111111
19	1440	6000	0.93343055555556
19	1615	7000	0.93244388888889
19	1615	7000	0.93244388888889
19	1615	7000	0.93238888888889
19	1790	8000	0.93138166666667
19	1790	8000	0.93138166666667
19	1790	8000	0.93134722222222
19	1955	9000	0.93038111111111
19	1955	9000	0.93038111111111
19	1955	9000	0.93030555555556
19	2129	10000	0.92931888888889
19	2129	10000	0.92926388888889
19	2134	10000	0.92926388888889
19	2134	10000	0.92924074074074
19	2139	10000	0.92924074074074
19	2139	10000	0.92924074074074
19	2139	10000	0.92921759259259
19	2183	10000	0.92910648148148
19	2183	10000	0.92908333333333
19	2184	10000	0.92908333333333
19	2184	10000	0.92906018518519
19	2374	11000	0.89446944444444
19	2374	11000	0.89446944444444
19	2374	11000	0.89374074074074
19	2539	12000	0.86057962962963
19	2539	12000	0.86057962962963
19	2539	12000	0.85843981481481
19	2714	13000	0.82457314814815
19	2714	13000	0.82457314814815
19	2714	13000	0.82313888888889
19	2889	14000	0.78856666666667
19	2889	14000	0.78856666666667
19	2889	14000	0.78783796296296
19	3054	15000	0.75256018518519
19	3054	15000	0.75254166666667
19	3059	15000	0.75254166666667
19	3059	15000	0.75254166666667
19	3059	15000	0.75252314814815
19	3234	16000	0.73998981481481
19	3234	16000	0.73998981481481
19	3234	16000	0.73944907407407
19	3409	17000	0.72665462962963
19	3409	17000	0.72665462962963
19	3409	17000	0.726375
19	3574	18000	0.71410277777778
19	3574	18000	0.71410277777778
19	3574	18000	0.71330092592593
19	3749	19000	0.70076759259259
19	3749	19000	0.70076759259259
19	3749	19000	0.70022685185185
19	3923	20000	0.68743240740741
19	3923	20000	0.68715277777778
19	3928	20000	0.68715277777778
19	3928	20000	0.68713888888889
19	3933	20000	0.68713888888889
19	3933	20000	0.68713888888889
19	3933	20000	0.687125
19	3977	20000	0.68701388888889
19	3977	20000	0.687
19	3978	20000	0.687
19	3978	20000	0.68698611111111
19	4158	21000	0.68600148148148
19	4158	21000	0.68600148148148
19	4158	21000	0.68592592592593
19	4333	22000	0.68493925925926
19	4333	22000	0.68493925925926
19	4333	22000	0.68488425925926
19	4508	23000	0.68387703703704
19	4508	23000	0.68387703703704
19	4508	23000	0.68384259259259
19	4673	24000	0.68287648148148
19	4673	24000	0.68287648148148
19	4673	24000	0.68280092592593
19	4848	25000	0.68177314814815
19	4848	25000	0.68175
19	4853	25000	0.68175
19	4853	25000	0.68175
19	4853	25000	0.68172685185185
19	5028	26000	0.64715462962963
19	5028	26000	0.64715462962963
19	5028	26000	0.64642592592593
19	5193	27000	0.61326481481481
19	5193	27000	0.61326481481481
19	5193	27000	0.611125
19	5368	28000	0.57725833333333
19	5368	28000	0.57725833333333
19	5368	28000	0.57582407407407
19	5543	29000	0.54125185185185
19	5543	29000	0.54125185185185
19	5543	29000	0.54052314814815
19	5707	30000	0.50736203703704
19	5707	30000	0.50522222222222
19	5712	30000	0.50522222222222
19	5712	30000	0.5052037037037
19	5717	30000	0.5052037037037
19	5717	30000	0.5052037037037
19	5717	30000	0.50518518518519
19	5761	30000	0.50507407407407
19	5761	30000	0.50505555555556
19	5762	30000	0.50505555555556
19	5762	30000	0.50503703703704
19	5952	31000	0.49248518518519
19	5952	31000	0.49248518518519
19	5952	31000	0.49194444444444
19	6127	32000	0.47915
19	6127	32000	0.47915
19	6127	32000	0.47887037037037
19	6292	33000	0.46659814814815
19	6292	33000	0.46659814814815
19	6292	33000	0.4657962962963
19	6467	34000	0.45326296296296
19	6467	34000	0.45326296296296
19	6467	34000	0.45272222222222
19	6642	35000	0.43966666666667
19	6642	35000	0.43965277777778
19	6647	35000	0.43965277777778
19	6647	35000	0.43965277777778
19	6647	35000	0.43963888888889
19	6812	36000	0.43867277777778
19	6812	36000	0.43867277777778
19	6812	36000	0.43859722222222
19	6987	37000	0.43761055555556
19	6987	37000	0.43761055555556
19	6987	37000	0.43755555555556
19	7162	38000	0.43654833333333
19	7162	38000	0.43654833333333
19	7162	38000	0.43651388888889
19	7327	39000	0.43554777777778
19	7327	39000	0.43554777777778
19	7327	39000	0.43547222222222
19	7501	40000	0.43448555555556
19	7501	40000	0.43443055555556
19	7506	40000	0.43443055555556
19	7506	40000	0.43440740740741
19	7511	40000	0.43440740740741
19	7511	40000	0.43440740740741
19	7511	40000	0.43438425925926
19	7555	40000	0.43427314814815
19	7555	40000	0.43425
19	7556	40000	0.43425
19	7556	40000	0.43422685185185
19	7746	41000	0.39963611111111
19	7746	41000	0.39963611111111
19	7746	41000	0.39890740740741
19	7911	42000	0.3657462962963
19	7911	42000	0.3657462962963
19	7911	42000	0.36360648148148
19	8086	43000	0.32973981481481
19	8086	43000	0.32973981481481
19	8086	43000	0.32830555555556
19	8261	44000	0.29373333333333
19	8261	44000	0.29373333333333
19	8261	44000	0.29300462962963
19	8426	45000	0.25772685185185
19	8426	45000	0.25770833333333
19	8431	45000	0.25770833333333
19	8431	45000	0.25770833333333
19	8431	45000	0.25768981481481
19	8606	46000	0.24515648148148
19	8606	46000	0.24515648148148
19	8606	46000	0.24461574074074
19	8781	47000	0.2318212962963
19	8781	47000	0.2318212962963
19	8781	47000	0.23154166666667
19	8937	48000	0.21926944444444
19	8937	48000	0.21926944444444
19	8937	48000	0.21846759259259
19	9094	49000	0.20593425925926
19	9094	49000	0.20593425925926
19	9094	49000	0.20539351851852
19	9250	50000	0.19259907407407
19	9250	50000	0.19231944444444
19	9254	50000	0.19231944444444
19	9254	50000	0.19230555555556
19	9258	50000	0.19230555555556
19	9258	50000	0.19230555555556
19	9258	50000	0.19229166666667
19	9285	50000	0.19218055555556
19	9285	50000	0.19216666666667
19	9286	50000	0.19216666666667
19	9286	50000	0.19215277777778
19	9442	51000	0.19116814814815
19	9442	51000	0.19116814814815
19	9442	51000	0.19109259259259
19	9599	52000	0.19010592592593
19	9599	52000	0.19010592592593
19	9599	52000	0.19005092592593
19	9756	53000	0.1890437037037
19	9756	53000	0.1890437037037
19	9756	53000	0.18900925925926
19	9904	54000	0.18804314814815
19	9904	54000	0.18804314814815
19	9904	54000	0.18796759259259
19	10061	55000	0.18693981481481
19	10061	55000	0.18691666666667
19	10065	55000	0.18691666666667
19	10065	55000	0.18691666666667
19	10065	55000	0.18689351851852
19	10222	56000	0.1523212962963
19	10222	56000	0.1523212962963
19	10222	56000	0.15159259259259
19	10365	57000	0.11843148148148
19	10365	57000	0.11843148148148
19	10365	57000	0.11629166666667
19	10504	58000	0.082425
19	10504	58000	0.082425
19	10504	58000	0.080990740740741
19	10643	59000	0.046418518518519
19	10643	59000	0.046418518518519
19	10643	59000	0.045689814814815
19	10773	60000	0.012528703703704
19	10773	60000	0.010388888888889
19	10776	60000	0.010388888888889
19	10776	60000	0.01037037037037
19	10779	60000	0.01037037037037
19	10779	60000	0.01037037037037
19	10779	60000	0.010351851851852
19	10793	60000	0.010240740740741
19	10793	60000	0.010222222222222
19	10794	60000	0.010222222222222
19	10794	60000	0.010203703703704
20	0	0	10800000
20	32	0	10799000
20	32	0	10798800
20	33	0	10798800
20	33	0	10798600
20	580	1000	10663040
20	580	1000	10663040
20	580	1000	10657200
20	755	2000	10519020
20	755	2000	10519020
20	755	2000	10516000
20	920	3000	10383460
20	920	3000	10383460
20	920	3000	10374800
20	1095	4000	10239440
20	1095	4000	10239440
20	1095	4000	10233600
20	1270	5000	10092600
20	1270	5000	10092450
20	1275	5000	10092450
20	1275	5000	10092450
20	1275	5000	10092300
20	1440	6000	10081866
20	1440	6000	10081866
20	1440	6000	10081050
20	1615	7000	10070394
20	1615	7000	10070394
20	1615	7000	10069800
20	1790	8000	10058922
20	1790	8000	10058922
20	1790	8000	10058550
20	1955	9000	10048116
20	1955	9000	10048116
20	1955	9000	10047300
20	2129	10000	10036644
20	2129	10000	10036050
20	2134	10000	10036050
20	2134	10000	10035800
20	2139	10000	10035800
20	2139	10000	10035800
20	2139	10000	10035550
20	2183	10000	10034350
20	2183	10000	10034100
20	2184	10000	10034100
20	2184	10000	10033850
20	2374	11000	9660270
20	2374	11000	9660270
20	2374	11000	9652400
20	2539	12000	9294260
20	2539	12000	9294260
20	2539	12000	9271150
20	2714	13000	8905390
20	2714	13000	8905390
20	2714	13000	8889900
20	2889	14000	8516520
20	2889	14000	8516520
20	2889	14000	8508650
20	3054	15000	8127650
20	3054	15000	8127450
20	3059	15000	8127450
20	3059	15000	8127450
20	3059	15000	8127250
20	3234	16000	7991890
20	3234	16000	7991890
20	3234	16000	7986050
20	3409	17000	7847870
20	3409	17000	7847870
20	3409	17000	7844850
20	3574	18000	7712310
20	3574	18000	7712310
20	3574	18000	7703650
20	3749	19000	7568290
20	3749	19000	7568290
20	3749	19000	7562450
20	3923	20000	7424270
20	3923	20000	7421250
20	3928	20000	7421250
20	3928	20000	7421100
20	3933	20000	7421100
20	3933	20000	7421100
20	3933	20000	7420950
20	3977	20000	7419750
20	3977	20000	7419600
20	3978	20000	7419600
20	3978	20000	7419450
20	4158	21000	7408816
20	4158	21000	7408816
20	4158	21000	7408000
20	4333	22000	7397344
20	4333	22000	7397344
20	4333	22000	7396750
20	4508	23000	7385872
20	4508	23000	7385872
20	4508	23000	7385500
20	4673	24000	7375066
20	4673	24000	7375066
20	4673	24000	7374250
20	4848	25000	7363150
20	4848	25000	7362900
20	4853	25000	7362900
20	4853	25000	7362900
20	4853	25000	7362650
20	5028	26000	6989270
20	5028	26000	6989270
20	5028	26000	6981400
20	5193	27000	6623260
20	5193	27000	6623260
20	5193	27000	6600150
20	5368	28000	6234390
20	5368	28000	6234390
20	5368	28000	6218900
20	5543	29000	5845520
20	5543	29000	5845520
20	5543	29000	5837650
20	5707	30000	5479510
20	5707	30000	5456400
20	5712	30000	5456400
20	5712	30000	5456200
20	5717	30000	5456200
20	5717	30000	5456200
20	5717	30000	5456000
20	5761	30000	5454800
20	5761	30000	5454600
20	5762	30000	5454600
20	5762	30000	5454400
20	5952	31000	5318840
20	5952	31000	5318840
20	5952	31000	5313000
20	6127	32000	5174820
20	6127	32000	5174820
20	6127	32000	5171800
20	6292	33000	5039260
20	6292	33000	5039260
20	6292	33000	5030600
20	6467	34000	4895240
20	6467	34000	4895240
20	6467	34000	4889400
20	6642	35000	4748400
20	6642	35000	4748250
20	6647	35000	4748250
20	6647	35000	4748250
20	6647	35000	4748100
20	6812	36000	4737666
20	6812	36000	4737666
20	6812	36000	4736850
20	6987	37000	4726194
20	6987	37000	4726194
20	6987	37000	4725600
20	7162	38000	4714722
20	7162	38000	4714722
20	7162	38000	4714350
20	7327	39000	4703916
20	7327	39000	4703916
20	7327	39000	4703100
20	7501	40000	4692444
20	7501	40000	4691850
20	7506	40000	4691850
20	7506	40000	4691600
20	7511	40000	4691600
20	7511	40000	4691600
20	7511	40000	4691350
20	7555	40000	4690150
20	7555	40000	4689900
20	7556	40000	4689900
20	7556	40000	4689650
20	7746	41000	4316070
20	7746	41000	4316070
20	7746	41000	4308200
20	7911	42000	3950060
20	7911	42000	3950060
20	7911	42000	3926950
20	8086	43000	3561190
20	8086	43000	3561190
20	8086	43000	3545700
20	8261	44000	3172320
20	8261	44000	3172320
20	8261	44000	3164450
20	8426	45000	2783450
20	8426	45000	2783250
20	8431	45000	2783250
20	8431	45000	2783250
20	8431	45000	2783050
20	8606	46000	2647690
20	8606	46000	2647690
20	8606	46000	2641850
20	8781	47000	2503670
20	8781	47000	2503670
20	8781	47000	2500650
20	8937	48000	2368110
20	8937	48000	2368110
20	8937	48000	2359450
20	9094	49000	2224090
20	9094	49000	2224090
20	9094	49000	2218250
20	9250	50000	2080070
20	9250	50000	2077050
20	9254	50000	2077050
20	9254	50000	2076900
20	9258	50000	2076900
20	9258	50000	2076900
20	9258	50000	2076750
20	9285	50000	2075550
20	9285	50000	2075400
20	9286	50000	2075400
20	9286	50000	2075250
20	9442	51000	2064616
20	9442	51000	2064616
20	9442	51000	2063800
20	9599	52000	2053144
20	9599	52000	2053144
20	9599	52000	2052550
20	9756	53000	2041672
20	9756	53000	2041672
20	9756	53000	2041300
20	9904	54000	2030866
20	9904	54000	2030866
20	9904	54000	2030050
20	10061	55000	2018950
20	10061	55000	2018700
20	10065	55000	2018700
20	10065	55000	2018700
20	10065	55000	2018450
20	10222	56000	1645070
20	10222	56000	1645070
20	10222	56000	1637200
20	10365	57000	1279060
20	10365	57000	1279060
20	10365	57000	1255950
20	10504	58000	890190
20	10504	58000	890190
20	10504	58000	874700
20	10643	59000	501320
20	10643	59000	501320
20	10643	59000	493450
20	10773	60000	135310
20	10773	60000	112200
20	10776	60000	112200
20	10776	60000	112000
20	10779	60000	112000
20	10779	60000	112000
20	10779	60000	111800
20	10793	60000	110600
20	10793	60000	110400
20	10794	60000	110400
20	10794	60000	110200
24	0	0	0
24	0	0	0
24	1271	5000	1
24	2135	10000	2
24	3055	15000	0
24	3055	15000	0
24	3929	20000	1
24	4849	25000	2
24	5713	30000	0
24	5713	30000	0
24	6643	35000	1
24	7507	40000	2
24	8427	45000	0
24	8427	45000	0
24	9255	50000	1
24	10062	55000	2
25	0	0	3
25	34	0	3
25	34	0	3
25	35	0	3
25	35	0	3
25	36	0	3
25	36	0	3
25	581	1000	3
25	581	1000	3
25	581	1000	3
25	756	2000	3
25	756	2000	3
25	756	2000	3
25	921	3000	3
25	921	3000	3
25	921	3000	3
25	1096	4000	3
25	1096	4000	3
25	1096	4000	3
25	1271	5000	3
25	1271	5000	3
25	1276	5000	3
25	1276	5000	3
25	1276	5000	3
25	1441	6000	3
25	1441	6000	3
25	1441	6000	3
25	1616	7000	3
25	1616	7000	3
25	1616	7000	3
25	1791	8000	3
25	1791	8000	3
25	1791	8000	3
25	1956	9000	3
25	1956	9000	3
25	1956	9000	3
25	2130	10000	3
25	2130	10000	3
25	2135	10000	3
25	2135	10000	3
25	2140	10000	3
25	2140	10000	3
25	2140	10000	3
25	2185	10000	3
25	2185	10000	3
25	2186	10000	3
25	2186	10000	3
25	2187	10000	3
25	2187	10000	3
25	2375	11000	3
25	2375	11000	3
25	2375	11000	3
25	2540	12000	3
25	2540	12000	3
25	2540	12000	3
25	2715	13000	3
25	2715	13000	3
25	2715	13000	3
25	2890	14000	3
25	2890	14000	3
25	2890	14000	3
25	3055	15000	3
25	3055	15000	3
25	3060	15000	3
25	3060	15000	3
25	3060	15000	3
25	3235	16000	3
25	3235	16000	3
25	3235	16000	3
25	3410	17000	3
25	3410	17000	3
25	3410	17000	3
25	3575	18000	3
25	3575	18000	3
25	3575	18000	3
25	3750	19000	3
25	3750	19000	3
25	3750	19000	3
25	3924	20000	3
25	3924	20000	3
25	3929	20000	3
25	3929	20000	3
25	3934	20000	3
25	3934	20000	3
25	3934	20000	3
25	3979	20000	3
25	3979	20000	3
25	3980	20000	3
25	3980	20000	3
25	3981	20000	3
25	3981	20000	3
25	4159	21000	3
25	4159	21000	3
25	4159	21000	3
25	4334	22000	3
25	4334	22000	3
25	4334	22000	3
25	4509	23000	3
25	4509	23000	3
25	4509	23000	3
25	4674	24000	3
25	4674	24000	3
25	4674	24000	3
25	4849	25000	3
25	4849	25000	3
25	4854	25000	3
25	4854	25000	3
25	4854	25000	3
25	5029	26000	3
25	5029	26000	3
25	5029	26000	3
25	5194	27000	3
25	5194	27000	3
25	5194	27000	3
25	5369	28000	3
25	5369	28000	3
25	5369	28000	3
25	5544	29000	3
25	5544	29000	3
25	5544	29000	3
25	5708	30000	3
25	5708	30000	3
25	5713	30000	3
25	5713	30000	3
25	5718	30000	3
25	5718	30000	3
25	5718	30000	3
25	5763	30000	3
25	5763	30000	3
25	5764	30000	3
25	5764	30000	3
25	5765	30000	3
25	5765	30000	3
25	5953	31000	3
25	5953	31000	3
25	5953	31000	3
25	6128	32000	3
25	6128	32000	3
25	6128	32000	3
25	6293	33000	3
25	6293	33000	3
25	6293	33000	3
25	6468	34000	3
25	6468	34000	3
25	6468	34000	3
25	6643	35000	3
25	6643	35000	3
25	6648	35000	3
25	6648	35000	3
25	6648	35000	3
25	6813	36000	3
25	6813	36000	3
25	6813	36000	3
25	6988	37000	3
25	6988	37000	3
25	6988	37000	3
25	7163	38000	3
25	7163	38000	3
25	7163	38000	3
25	7328	39000	3
25	7328	39000	3
25	7328	39000	3
25	7502	40000	3
25	7502	40000	3
25	7507	40000	3
25	7507	40000	3
25	7512	40000	3
25	7512	40000	3
25	7512	40000	3
25	7557	40000	3
25	7557	40000	3
25	7558	40000	3
25	7558	40000	3
25	7559	40000	3
25	7559	40000	3
25	7747	41000	3
25	7747	41000	3
25	7747	41000	3
25	7912	42000	3
25	7912	42000	3
25	7912	42000	3
25	8087	43000	3
25	8087	43000	3
25	8087	43000	3
25	8262	44000	3
25	8262	44000	3
25	8262	44000	3
25	8427	45000	3
25	8427	45000	3
25	8432	45000	3
25	8432	45000	3
25	8432	45000	3
25	8607	46000	3
25	8607	46000	3
25	8607	46000	3
25	8782	47000	3
25	8782	47000	3
25	8782	47000	3
25	8938	48000	3
25	8938	48000	3
25	8938	48000	3
25	9095	49000	3
25	9095	49000	3
25	9095	49000	3
25	9251	50000	3
25	9251	50000	3
25	9255	50000	3
25	9255	50000	3
25	9259	50000	3
25	9259	50000	3
25	9259	50000	3
25	9287	50000	3
25	9287	50000	3
25	9288	50000	3
25	9288	50000	3
25	9289	50000	3
25	9289	50000	3
25	9443	51000	3
25	9443	51000	3
25	9443	51000	3
25	9600	52000	3
25	9600	52000	3
25	9600	52000	3
25	9757	53000	3
25	9757	53000	3
25	9757	53000	3
25	9905	54000	3
25	9905	54000	3
25	9905	54000	3
25	10062	55000	3
25	10062	55000	3
25	10066	55000	3
25	10066	55000	3
25	10066	55000	3
25	10223	56000	3
25	10223	56000	3
25	10223	56000	3
26	0	0	1
26	34	0	0.99986111111111
26	34	0	0.99984259259259
26	35	0	0.99984259259259
26	35	0	0.99982407407407
26	36	0	0.99982407407407
26	36	0	0.99980555555556
26	581	1000	0.98404444444444
26	581	1000	0.98404444444444
26	581	1000	0.98337037037037
26	756	2000	0.96730925925926
26	756	2000	0.96730925925926
26	756	2000	0.96696296296296
26	921	3000	0.95155740740741
26	921	3000	0.95155740740741
26	921	3000	0.95055555555556
26	1096	4000	0.93482222222222
26	1096	4000	0.93482222222222
26	1096	4000	0.93414814814815
26	1271	5000	0.91775925925926
26	1271	5000	0.91774537037037
26	1276	5000	0.91774537037037
26	1276	5000	0.91774537037037
26	1276	5000	0.91773148148148
26	1441	6000	0.91645203703704
26	1441	6000	0.91645203703704
26	1441	6000	0.91635648148148
26	1616	7000	0.91504981481481
26	1616	7000	0.91504981481481
26	1616	7000	0.91498148148148
26	1791	8000	0.91364759259259
26	1791	8000	0.91364759259259
26	1791	8000	0.91360648148148
26	1956	9000	0.91232703703704
26	1956	9000	0.91232703703704
26	1956	9000	0.91223148148148
26	2130	10000	0.91092481481481
26	2130	10000	0.91085648148148
26	2135	10000	0.91085648148148
26	2135	10000	0.91083333333333
26	2140	10000	0.91083333333333
26	2140	10000	0.91083333333333
26	2140	10000	0.91081018518519
26	2185	10000	0.91064351851852
26	2185	10000	0.91062037037037
26	2186	10000	0.91062037037037
26	2186	10000	0.91059722222222
26	2187	10000	0.91059722222222
26	2187	10000	0.91057407407407
26	2375	11000	0.87270740740741
26	2375	11000	0.87270740740741
26	2375	11000	0.87191203703704
26	2540	12000	0.83561759259259
26	2540	12000	0.83561759259259
26	2540	12000	0.83327777777778
26	2715	13000	0.79621111111111
26	2715	13000	0.79621111111111
26	2715	13000	0.79464351851852
26	2890	14000	0.75680462962963
26	2890	14000	0.75680462962963
26	2890	14000	0.75600925925926
26	3055	15000	0.71739814814815
26	3055	15000	0.71737962962963
26	3060	15000	0.71737962962963
26	3060	15000	0.71737962962963
26	3060	15000	0.71736111111111
26	3235	16000	0.70162777777778
26	3235	16000	0.70162777777778
26	3235	16000	0.7009537037037
26	3410	17000	0.68489259259259
26	3410	17000	0.68489259259259
26	3410	17000	0.6845462962963
26	3575	18000	0.66914074074074
26	3575	18000	0.66914074074074
26	3575	18000	0.66813888888889
26	3750	19000	0.65240555555556
26	3750	19000	0.65240555555556
26	3750	19000	0.65173148148148
26	3924	20000	0.63567037037037
26	3924	20000	0.63532407407407
26	3929	20000	0.63532407407407
26	3929	20000	0.63531018518519
26	3934	20000	0.63531018518519
26	3934	20000	0.63531018518519
26	3934	20000	0.6352962962963
26	3979	20000	0.63512962962963
26	3979	20000	0.63511574074074
26	3980	20000	0.63511574074074
26	3980	20000	0.63510185185185
26	3981	20000	0.63510185185185
26	3981	20000	0.63508796296296
26	4159	21000	0.63378074074074
26	4159	21000	0.63378074074074
26	4159	21000	0.63368518518519
26	4334	22000	0.63237851851852
26	4334	22000	0.63237851851852
26	4334	22000	0.63231018518519
26	4509	23000	0.6309762962963
26	4509	23000	0.6309762962963
26	4509	23000	0.63093518518519
26	4674	24000	0.62965574074074
26	4674	24000	0.62965574074074
26	4674	24000	0.62956018518519
26	4849	25000	0.62819907407407
26	4849	25000	0.62817592592593
26	4854	25000	0.62817592592593
26	4854	25000	0.62817592592593
26	4854	25000	0.62815277777778
26	5029	26000	0.59031388888889
26	5029	26000	0.59031388888889
26	5029	26000	0.58951851851852
26	5194	27000	0.55322407407407
26	5194	27000	0.55322407407407
26	5194	27000	0.55088425925926
26	5369	28000	0.51381759259259
26	5369	28000	0.51381759259259
26	5369	28000	0.51225
26	5544	29000	0.47441111111111
26	5544	29000	0.47441111111111
26	5544	29000	0.47361574074074
26	5708	30000	0.4373212962963
26	5708	30000	0.43498148148148
26	5713	30000	0.43498148148148
26	5713	30000	0.43496296296296
26	5718	30000	0.43496296296296
26	5718	30000	0.43496296296296
26	5718	30000	0.43494444444444
26	5763	30000	0.43477777777778
26	5763	30000	0.43475925925926
26	5764	30000	0.43475925925926
26	5764	30000	0.43474074074074
26	5765	30000	0.43474074074074
26	5765	30000	0.43472222222222
26	5953	31000	0.41896111111111
26	5953	31000	0.41896111111111
26	5953	31000	0.41828703703704
26	6128	32000	0.40222592592593
26	6128	32000	0.40222592592593
26	6128	32000	0.40187962962963
26	6293	33000	0.38647407407407
26	6293	33000	0.38647407407407
26	6293	33000	0.38547222222222
26	6468	34000	0.36973888888889
26	6468	34000	0.36973888888889
26	6468	34000	0.36906481481481
26	6643	35000	0.35267592592593
26	6643	35000	0.35266203703704
26	6648	35000	0.35266203703704
26	6648	35000	0.35266203703704
26	6648	35000	0.35264814814815
26	6813	36000	0.3513687037037
26	6813	36000	0.3513687037037
26	6813	36000	0.35127314814815
26	6988	37000	0.34996648148148
26	6988	37000	0.34996648148148
26	6988	37000	0.34989814814815
26	7163	38000	0.34856425925926
26	7163	38000	0.34856425925926
26	7163	38000	0.34852314814815
26	7328	39000	0.3472437037037
26	7328	39000	0.3472437037037
26	7328	39000	0.34714814814815
26	7502	40000	0.34584148148148
26	7502	40000	0.34577314814815
26	7507	40000	0.34577314814815
26	7507	40000	0.34575
26	7512	40000	0.34575
26	7512	40000	0.34575
26	7512	40000	0.34572685185185
26	7557	40000	0.34556018518519
26	7557	40000	0.34553703703704
26	7558	40000	0.34553703703704
26	7558	40000	0.34551388888889
26	7559	40000	0.34551388888889
26	7559	40000	0.34549074074074
26	7747	41000	0.30762407407407
26	7747	41000	0.30762407407407
26	7747	41000	0.3068287037037
26	7912	42000	0.27053425925926
26	7912	42000	0.27053425925926
26	7912	42000	0.26819444444444
26	8087	43000	0.23112777777778
26	8087	43000	0.23112777777778
26	8087	43000	0.22956018518519
26	8262	44000	0.1917212962963
26	8262	44000	0.1917212962963
26	8262	44000	0.19092592592593
26	8427	45000	0.15231481481481
26	8427	45000	0.1522962962963
26	8432	45000	0.1522962962963
26	8432	45000	0.1522962962963
26	8432	45000	0.15227777777778
26	8607	46000	0.13654444444444
26	8607	46000	0.13654444444444
26	8607	46000	0.13587037037037
26	8782	47000	0.11980925925926
26	8782	47000	0.11980925925926
26	8782	47000	0.11946296296296
26	8938	48000	0.10405740740741
26	8938	48000	0.10405740740741
26	8938	48000	0.10305555555556
26	9095	49000	0.087322222222222
26	9095	49000	0.087322222222222
26	9095	49000	0.086648148148148
26	9251	50000	0.070587037037037
26	9251	50000	0.070240740740741
26	9255	50000	0.070240740740741
26	9255	50000	0.070226851851852
26	9259	50000	0.070226851851852
26	9259	50000	0.070226851851852
26	9259	50000	0.070212962962963
26	9287	50000	0.070046296296296
26	9287	50000	0.070032407407407
26	9288	50000	0.070032407407407
26	9288	50000	0.070018518518519
26	9289	50000	0.070018518518519
26	9289	50000	0.07000462962963
26	9443	51000	0.068697407407407
26	9443	51000	0.068697407407407
26	9443	51000	0.068601851851852
26	9600	52000	0.067295185185185
26	9600	52000	0.067295185185185
26	9600	52000	0.067226851851852
26	9757	53000	0.065892962962963
26	9757	53000	0.065892962962963
26	9757	53000	0.065851851851852
26	9905	54000	0.064572407407407
26	9905	54000	0.064572407407407
26	9905	54000	0.064476851851852
26	10062	55000	0.063115740740741
26	10062	55000	0.063092592592593
26	10066	55000	0.063092592592593
26	10066	55000	0.063092592592593
26	10066	55000	0.063069444444444
26	10223	56000	0.025230555555556
26	10223	56000	0.025230555555556
26	10223	56000	0.024435185185185
27	0	0	10800000
27	34	0	10798500
27	34	0	10798300
27	35	0	10798300
27	35	0	10798100
27	36	0	10798100
27	36	0	10797900
27	581	1000	10627680
27	581	1000	10627680
27	581	1000	10620400
27	756	2000	10446940
27	756	2000	10446940
27	756	2000	10443200
27	921	3000	10276820
27	921	3000	10276820
27	921	3000	10266000
27	1096	4000	10096080
27	1096	4000	10096080
27	1096	4000	10088800
27	1271	5000	9911800
27	1271	5000	9911650
27	1276	5000	9911650
27	1276	5000	9911650
27	1276	5000	9911500
27	1441	6000	9897682
27	1441	6000	9897682
27	1441	6000	9896650
27	1616	7000	9882538
27	1616	7000	9882538
27	1616	7000	9881800
27	1791	8000	9867394
27	1791	8000	9867394
27	1791	8000	9866950
27	1956	9000	9853132
27	1956	9000	9853132
27	1956	9000	9852100
27	2130	10000	9837988
27	2130	10000	9837250
27	2135	10000	9837250
27	2135	10000	9837000
27	2140	10000	9837000
27	2140	10000	9837000
27	2140	10000	9836750
27	2185	10000	9834950
27	2185	10000	9834700
27	2186	10000	9834700
27	2186	10000	9834450
27	2187	10000	9834450
27	2187	10000	9834200
27	2375	11000	9425240
27	2375	11000	9425240
27	2375	11000	9416650
27	2540	12000	9024670
27	2540	12000	9024670
27	2540	12000	8999400
27	2715	13000	8599080
27	2715	13000	8599080
27	2715	13000	8582150
27	2890	14000	8173490
27	2890	14000	8173490
27	2890	14000	8164900
27	3055	15000	7747900
27	3055	15000	7747700
27	3060	15000	7747700
27	3060	15000	7747700
27	3060	15000	7747500
27	3235	16000	7577580
27	3235	16000	7577580
27	3235	16000	7570300
27	3410	17000	7396840
27	3410	17000	7396840
27	3410	17000	7393100
27	3575	18000	7226720
27	3575	18000	7226720
27	3575	18000	7215900
27	3750	19000	7045980
27	3750	19000	7045980
27	3750	19000	7038700
27	3924	20000	6865240
27	3924	20000	6861500
27	3929	20000	6861500
27	3929	20000	6861350
27	3934	20000	6861350
27	3934	20000	6861350
27	3934	20000	6861200
27	3979	20000	6859400
27	3979	20000	6859250
27	3980	20000	6859250
27	3980	20000	6859100
27	3981	20000	6859100
27	3981	20000	6858950
27	4159	21000	6844832
27	4159	21000	6844832
27	4159	21000	6843800
27	4334	22000	6829688
27	4334	22000	6829688
27	4334	22000	6828950
27	4509	23000	6814544
27	4509	23000	6814544
27	4509	23000	6814100
27	4674	24000	6800282
27	4674	24000	6800282
27	4674	24000	6799250
27	4849	25000	6784550
27	4849	25000	6784300
27	4854	25000	6784300
27	4854	25000	6784300
27	4854	25000	6784050
27	5029	26000	6375390
27	5029	26000	6375390
27	5029	26000	6366800
27	5194	27000	5974820
27	5194	27000	5974820
27	5194	27000	5949550
27	5369	28000	5549230
27	5369	28000	5549230
27	5369	28000	5532300
27	5544	29000	5123640
27	5544	29000	5123640
27	5544	29000	5115050
27	5708	30000	4723070
27	5708	30000	4697800
27	5713	30000	4697800
27	5713	30000	4697600
27	5718	30000	4697600
27	5718	30000	4697600
27	5718	30000	4697400
27	5763	30000	4695600
27	5763	30000	4695400
27	5764	30000	4695400
27	5764	30000	4695200
27	5765	30000	4695200
27	5765	30000	4695000
27	5953	31000	4524780
27	5953	31000	4524780
27	5953	31000	4517500
27	6128	32000	4344040
27	6128	32000	4344040
27	6128	32000	4340300
27	6293	33000	4173920
27	6293	33000	4173920
27	6293	33000	4163100
27	6468	34000	3993180
27	6468	34000	3993180
27	6468	34000	3985900
27	6643	35000	3808900
27	6643	35000	3808750
27	6648	35000	3808750
27	6648	35000	3808750
27	6648	35000	3808600
27	6813	36000	3794782
27	6813	36000	3794782
27	6813	36000	3793750
27	6988	37000	3779638
27	6988	37000	3779638
27	6988	37000	3778900
27	7163	38000	3764494
27	7163	38000	3764494
27	7163	38000	3764050
27	7328	39000	3750232
27	7328	39000	3750232
27	7328	39000	3749200
27	7502	40000	3735088
27	7502	40000	3734350
27	7507	40000	3734350
27	7507	40000	3734100
27	7512	40000	3734100
27	7512	40000	3734100
27	7512	40000	3733850
27	7557	40000	3732050
27	7557	40000	3731800
27	7558	40000	3731800
27	7558	40000	3731550
27	7559	40000	3731550
27	7559	40000	3731300
27	7747	41000	3322340
27	7747	41000	3322340
27	7747	41000	3313750
27	7912	42000	2921770
27	7912	42000	2921770
27	7912	42000	2896500
27	8087	43000	2496180
27	8087	43000	2496180
27	8087	43000	2479250
27	8262	44000	2070590
27	8262	44000	2070590
27	8262	44000	2062000
27	8427	45000	1645000
27	8427	45000	1644800
27	8432	45000	1644800
27	8432	45000	1644800
27	8432	45000	1644600
27	8607	46000	1474680
27	8607	46000	1474680
27	8607	46000	1467400
27	8782	47000	1293940
27	8782	47000	1293940
27	8782	47000	1290200
27	8938	48000	1123820
27	8938	48000	1123820
27	8938	48000	1113000
27	9095	49000	943080
27	9095	49000	943080
27	9095	49000	935800
27	9251	50000	762340
27	9251	50000	758600
27	9255	50000	758600
27	9255	50000	758450
27	9259	50000	758450
27	9259	50000	758450
27	9259	50000	758300
27	9287	50000	756500
27	9287	50000	756350
27	9288	50000	756350
27	9288	50000	756200
27	9289	50000	756200
27	9289	50000	756050
27	9443	51000	741932
27	9443	51000	741932
27	9443	51000	740900
27	9600	52000	726788
27	9600	52000	726788
27	9600	52000	726050
27	9757	53000	711644
27	9757	53000	711644
27	9757	53000	711200
27	9905	54000	697382
27	9905	54000	697382
27	9905	54000	696350
27	10062	55000	681650
27	10062	55000	681400
27	10066	55000	681400
27	10066	55000	681400
27	10066	55000	681150
27	10223	56000	272490
27	10223	56000	272490
27	10223	56000	263900
31	0	0	0
31	0	0	0
31	1272	5000	1
31	2136	10000	2
31	3056	15000	0
31	3056	15000	0
31	3930	20000	1
31	4850	25000	2
31	5714	30000	0
31	5714	30000	0
31	6644	35000	1
31	7508	40000	2
31	8428	45000	0
31	8428	45000	0
32	0	0	3
32	37	0	3
32	37	0	3
32	38	0	3
32	38	0	3
32	39	0	3
32	39	0	3
32	40	0	3
32	40	0	3
32	582	1000	3
32	582	1000	3
32	582	1000	3
32	757	2000	3
32	757	2000	3
32	757	2000	3
32	922	3000	3
32	922	3000	3
32	922	3000	3
32	1097	4000	3
32	1097	4000	3
32	1097	4000	3
32	1272	5000	3
32	1272	5000	3
32	1277	5000	3
32	1277	5000	3
32	1277	5000	3
32	1442	6000	3
32	1442	6000	3
32	1442	6000	3
32	1617	7000	3
32	1617	7000	3
32	1617	7000	3
32	1792	8000	3
32	1792	8000	3
32	1792	8000	3
32	1957	9000	3
32	1957	9000	3
32	1957	9000	3
32	2131	10000	3
32	2131	10000	3
32	2136	10000	3
32	2136	10000	3
32	2141	10000	3
32	2141	10000	3
32	2141	10000	3
32	2188	10000	3
32	2188	10000	3
32	2189	10000	3
32	2189	10000	3
32	2190	10000	3
32	2190	10000	3
32	2191	10000	3
32	2191	10000	3
32	2376	11000	3
32	2376	11000	3
32	2376	11000	3
32	2541	12000	3
32	2541	12000	3
32	2541	12000	3
32	2716	13000	3
32	2716	13000	3
32	2716	13000	3
32	2891	14000	3
32	2891	14000	3
32	2891	14000	3
32	3056	15000	3
32	3056	15000	3
32	3061	15000	3
32	3061	15000	3
32	3061	15000	3
32	3236	16000	3
32	3236	16000	3
32	3236	16000	3
32	3411	17000	3
32	3411	17000	3
32	3411	17000	3
32	3576	18000	3
32	3576	18000	3
32	3576	18000	3
32	3751	19000	3
32	3751	19000	3
32	3751	19000	3
32	3925	20000	3
32	3925	20000	3
32	3930	20000	3
32	3930	20000	3
32	3935	20000	3
32	3935	20000	3
32	3935	20000	3
32	3982	20000	3
32	3982	20000	3
32	3983	20000	3
32	3983	20000	3
32	3984	20000	3
32	3984	20000	3
32	3985	20000	3
32	3985	20000	3
32	4160	21000	3
32	4160	21000	3
32	4160	21000	3
32	4335	22000	3
32	4335	22000	3
32	4335	22000	3
32	4510	23000	3
32	4510	23000	3
32	4510	23000	3
32	4675	24000	3
32	4675	24000	3
32	4675	24000	3
32	4850	25000	3
32	4850	25000	3
32	4855	25000	3
32	4855	25000	3
32	4855	25000	3
32	5030	26000	3
32	5030	26000	3
32	5030	26000	3
32	5195	27000	3
32	5195	27000	3
32	5195	27000	3
32	5370	28000	3
32	5370	28000	3
32	5370	28000	3
32	5545	29000	3
32	5545	29000	3
32	5545	29000	3
32	5709	30000	3
32	5709	30000	3
32	5714	30000	3
32	5714	30000	3
32	5719	30000	3
32	5719	30000	3
32	5719	30000	3
32	5766	30000	3
32	5766	30000	3
32	5767	30000	3
32	5767	30000	3
32	5768	30000	3
32	5768	30000	3
32	5769	30000	3
32	5769	30000	3
32	5954	31000	3
32	5954	31000	3
32	5954	31000	3
32	6129	32000	3
32	6129	32000	3
32	6129	32000	3
32	6294	33000	3
32	6294	33000	3
32	6294	33000	3
32	6469	34000	3
32	6469	34000	3
32	6469	34000	3
32	6644	35000	3
32	6644	35000	3
32	6649	35000	3
32	6649	35000	3
32	6649	35000	3
32	6814	36000	3
32	6814	36000	3
32	6814	36000	3
32	6989	37000	3
32	6989	37000	3
32	6989	37000	3
32	7164	38000	3
32	7164	38000	3
32	7164	38000	3
32	7329	39000	3
32	7329	39000	3
32	7329	39000	3
32	7503	40000	3
32	7503	40000	3
32	7508	40000	3
32	7508	40000	3
32	7513	40000	3
32	7513	40000	3
32	7513	40000	3
32	7560	40000	3
32	7560	40000	3
32	7561	40000	3
32	7561	40000	3
32	7562	40000	3
32	7562	40000	3
32	7563	40000	3
32	7563	40000	3
32	7748	41000	3
32	7748	41000	3
32	7748	41000	3
32	7913	42000	3
32	7913	42000	3
32	7913	42000	3
32	8088	43000	3
32	8088	43000	3
32	8088	43000	3
32	8263	44000	3
32	8263	44000	3
32	8263	44000	3
32	8428	45000	3
32	8428	45000	3
32	8433	45000	3
32	8433	45000	3
32	8433	45000	3
32	8608	46000	3
32	8608	46000	3
32	8608	46000	3
32	8783	47000	3
32	8783	47000	3
32	8783	47000	3
33	0	0	1
33	37	0	0.99981481481481
33	37	0	0.9997962962963
33	38	0	0.9997962962963
33	38	0	0.99977777777778
33	39	0	0.99977777777778
33	39	0	0.99975925925926
33	40	0	0.99975925925926
33	40	0	0.99974074074074
33	582	1000	0.98077037037037
33	582	1000	0.98077037037037
33	582	1000	0.97996296296296
33	757	2000	0.96063518518519
33	757	2000	0.96063518518519
33	757	2000	0.96022222222222
33	922	3000	0.94168333333333
33	922	3000	0.94168333333333
33	922	3000	0.94048148148148
33	1097	4000	0.92154814814815
33	1097	4000	0.92154814814815
33	1097	4000	0.92074074074074
33	1272	5000	0.90101851851852
33	1272	5000	0.90100462962963
33	1277	5000	0.90100462962963
33	1277	5000	0.90100462962963
33	1277	5000	0.90099074074074
33	1442	6000	0.89939796296296
33	1442	6000	0.89939796296296
33	1442	6000	0.89928240740741
33	1617	7000	0.89765574074074
33	1617	7000	0.89765574074074
33	1617	7000	0.89757407407407
33	1792	8000	0.89591351851852
33	1792	8000	0.89591351851852
33	1792	8000	0.89586574074074
33	1957	9000	0.89427296296296
33	1957	9000	0.89427296296296
33	1957	9000	0.89415740740741
33	2131	10000	0.89253074074074
33	2131	10000	0.89244907407407
33	2136	10000	0.89244907407407
33	2136	10000	0.89242592592593
33	2141	10000	0.89242592592593
33	2141	10000	0.89242592592593
33	2141	10000	0.89240277777778
33	2188	10000	0.89218055555556
33	2188	10000	0.89215740740741
33	2189	10000	0.89215740740741
33	2189	10000	0.89213425925926
33	2190	10000	0.89213425925926
33	2190	10000	0.89211111111111
33	2191	10000	0.89211111111111
33	2191	10000	0.89208796296296
33	2376	11000	0.85094537037037
33	2376	11000	0.85094537037037
33	2376	11000	0.85008333333333
33	2541	12000	0.81065555555556
33	2541	12000	0.81065555555556
33	2541	12000	0.80811574074074
33	2716	13000	0.76784907407407
33	2716	13000	0.76784907407407
33	2716	13000	0.76614814814815
33	2891	14000	0.72504259259259
33	2891	14000	0.72504259259259
33	2891	14000	0.72418055555556
33	3056	15000	0.68223611111111
33	3056	15000	0.68221759259259
33	3061	15000	0.68221759259259
33	3061	15000	0.68221759259259
33	3061	15000	0.68219907407407
33	3236	16000	0.66326574074074
33	3236	16000	0.66326574074074
33	3236	16000	0.66245833333333
33	3411	17000	0.64313055555556
33	3411	17000	0.64313055555556
33	3411	17000	0.64271759259259
33	3576	18000	0.6241787037037
33	3576	18000	0.6241787037037
33	3576	18000	0.62297685185185
33	3751	19000	0.60404351851852
33	3751	19000	0.60404351851852
33	3751	19000	0.60323611111111
33	3925	20000	0.58390833333333
33	3925	20000	0.58349537037037
33	3930	20000	0.58349537037037
33	3930	20000	0.58348148148148
33	3935	20000	0.58348148148148
33	3935	20000	0.58348148148148
33	3935	20000	0.58346759259259
33	3982	20000	0.58324537037037
33	3982	20000	0.58323148148148
33	3983	20000	0.58323148148148
33	3983	20000	0.58321759259259
33	3984	20000	0.58321759259259
33	3984	20000	0.5832037037037
33	3985	20000	0.5832037037037
33	3985	20000	0.58318981481481
33	4160	21000	0.58156
33	4160	21000	0.58156
33	4160	21000	0.58144444444444
33	4335	22000	0.57981777777778
33	4335	22000	0.57981777777778
33	4335	22000	0.57973611111111
33	4510	23000	0.57807555555556
33	4510	23000	0.57807555555556
33	4510	23000	0.57802777777778
33	4675	24000	0.576435
33	4675	24000	0.576435
33	4675	24000	0.57631944444444
33	4850	25000	0.574625
33	4850	25000	0.57460185185185
33	4855	25000	0.57460185185185
33	4855	25000	0.57460185185185
33	4855	25000	0.5745787037037
33	5030	26000	0.53347314814815
33	5030	26000	0.53347314814815
33	5030	26000	0.53261111111111
33	5195	27000	0.49318333333333
33	5195	27000	0.49318333333333
33	5195	27000	0.49064351851852
33	5370	28000	0.45037685185185
33	5370	28000	0.45037685185185
33	5370	28000	0.44867592592593
33	5545	29000	0.40757037037037
33	5545	29000	0.40757037037037
33	5545	29000	0.40670833333333
33	5709	30000	0.36728055555556
33	5709	30000	0.36474074074074
33	5714	30000	0.36474074074074
33	5714	30000	0.36472222222222
33	5719	30000	0.36472222222222
33	5719	30000	0.36472222222222
33	5719	30000	0.3647037037037
33	5766	30000	0.36448148148148
33	5766	30000	0.36446296296296
33	5767	30000	0.36446296296296
33	5767	30000	0.36444444444444
33	5768	30000	0.36444444444444
33	5768	30000	0.36442592592593
33	5769	30000	0.36442592592593
33	5769	30000	0.36440740740741
33	5954	31000	0.34543703703704
33	5954	31000	0.34543703703704
33	5954	31000	0.34462962962963
33	6129	32000	0.32530185185185
33	6129	32000	0.32530185185185
33	6129	32000	0.32488888888889
33	6294	33000	0.30635
33	6294	33000	0.30635
33	6294	33000	0.30514814814815
33	6469	34000	0.28621481481481
33	6469	34000	0.28621481481481
33	6469	34000	0.28540740740741
33	6644	35000	0.26568518518519
33	6644	35000	0.2656712962963
33	6649	35000	0.2656712962963
33	6649	35000	0.2656712962963
33	6649	35000	0.26565740740741
33	6814	36000	0.26406462962963
33	6814	36000	0.26406462962963
33	6814	36000	0.26394907407407
33	6989	37000	0.26232240740741
33	6989	37000	0.26232240740741
33	6989	37000	0.26224074074074
33	7164	38000	0.26058018518519
33	7164	38000	0.26058018518519
33	7164	38000	0.26053240740741
33	7329	39000	0.25893962962963
33	7329	39000	0.25893962962963
33	7329	39000	0.25882407407407
33	7503	40000	0.25719740740741
33	7503	40000	0.25711574074074
33	7508	40000	0.25711574074074
33	7508	40000	0.25709259259259
33	7513	40000	0.25709259259259
33	7513	40000	0.25709259259259
33	7513	40000	0.25706944444444
33	7560	40000	0.25684722222222
33	7560	40000	0.25682407407407
33	7561	40000	0.25682407407407
33	7561	40000	0.25680092592593
33	7562	40000	0.25680092592593
33	7562	40000	0.25677777777778
33	7563	40000	0.25677777777778
33	7563	40000	0.25675462962963
33	7748	41000	0.21561203703704
33	7748	41000	0.21561203703704
33	7748	41000	0.21475
33	7913	42000	0.17532222222222
33	7913	42000	0.17532222222222
33	7913	42000	0.17278240740741
33	8088	43000	0.13251574074074
33	8088	43000	0.13251574074074
33	8088	43000	0.13081481481481
33	8263	44000	0.089709259259259
33	8263	44000	0.089709259259259
33	8263	44000	0.088847222222222
33	8428	45000	0.046902777777778
33	8428	45000	0.046884259259259
33	8433	45000	0.046884259259259
33	8433	45000	0.046884259259259
33	8433	45000	0.046865740740741
33	8608	46000	0.027932407407407
33	8608	46000	0.027932407407407
33	8608	46000	0.027125
33	8783	47000	0.0077972222222222
33	8783	47000	0.0077972222222222
33	8783	47000	0.0073842592592593
34	0	0	10800000
34	37	0	10798000
34	37	0	10797800
34	38	0	10797800
34	38	0	10797600
34	39	0	10797600
34	39	0	10797400
34	40	0	10797400
34	40	0	10797200
34	582	1000	10592320
34	582	1000	10592320
34	582	1000	10583600
34	757	2000	10374860
34	757	2000	10374860
34	757	2000	10370400
34	922	3000	10170180
34	922	3000	10170180
34	922	3000	10157200
34	1097	4000	9952720
34	1097	4000	9952720
34	1097	4000	9944000
34	1272	5000	9731000
34	1272	5000	9730850
34	1277	5000	9730850
34	1277	5000	9730850
34	1277	5000	9730700
34	1442	6000	9713498
34	1442	6000	9713498
34	1442	6000	9712250
34	1617	7000	9694682
34	1617	7000	9694682
34	1617	7000	9693800
34	1792	8000	9675866
34	1792	8000	9675866
34	1792	8000	9675350
34	1957	9000	9658148
34	1957	9000	9658148
34	1957	9000	9656900
34	2131	10000	9639332
34	2131	10000	9638450
34	2136	10000	9638450
34	2136	10000	9638200
34	2141	10000	9638200
34	2141	10000	9638200
34	2141	10000	9637950
34	2188	10000	9635550
34	2188	10000	9635300
34	2189	10000	9635300
34	2189	10000	9635050
34	2190	10000	9635050
34	2190	10000	9634800
34	2191	10000	9634800
34	2191	10000	9634550
34	2376	11000	9190210
34	2376	11000	9190210
34	2376	11000	9180900
34	2541	12000	8755080
34	2541	12000	8755080
34	2541	12000	8727650
34	2716	13000	8292770
34	2716	13000	8292770
34	2716	13000	8274400
34	2891	14000	7830460
34	2891	14000	7830460
34	2891	14000	7821150
34	3056	15000	7368150
34	3056	15000	7367950
34	3061	15000	7367950
34	3061	15000	7367950
34	3061	15000	7367750
34	3236	16000	7163270
34	3236	16000	7163270
34	3236	16000	7154550
34	3411	17000	6945810
34	3411	17000	6945810
34	3411	17000	6941350
34	3576	18000	6741130
34	3576	18000	6741130
34	3576	18000	6728150
34	3751	19000	6523670
34	3751	19000	6523670
34	3751	19000	6514950
34	3925	20000	6306210
34	3925	20000	6301750
34	3930	20000	6301750
34	3930	20000	6301600
34	3935	20000	6301600
34	3935	20000	6301600
34	3935	20000	6301450
34	3982	20000	6299050
34	3982	20000	6298900
34	3983	20000	6298900
34	3983	20000	6298750
34	3984	20000	6298750
34	3984	20000	6298600
34	3985	20000	6298600
34	3985	20000	6298450
34	4160	21000	6280848
34	4160	21000	6280848
34	4160	21000	6279600
34	4335	22000	6262032
34	4335	22000	6262032
34	4335	22000	6261150
34	4510	23000	6243216
34	4510	23000	6243216
34	4510	23000	6242700
34	4675	24000	6225498
34	4675	24000	6225498
34	4675	24000	6224250
34	4850	25000	6205950
34	4850	25000	6205700
34	4855	25000	6205700
34	4855	25000	6205700
34	4855	25000	6205450
34	5030	26000	5761510
34	5030	26000	5761510
34	5030	26000	5752200
34	5195	27000	5326380
34	5195	27000	5326380
34	5195	27000	5298950
34	5370	28000	4864070
34	5370	28000	4864070
34	5370	28000	4845700
34	5545	29000	4401760
34	5545	29000	4401760
34	5545	29000	4392450
34	5709	30000	3966630
34	5709	30000	3939200
34	5714	30000	3939200
34	5714	30000	3939000
34	5719	30000	3939000
34	5719	30000	3939000
34	5719	30000	3938800
34	5766	30000	3936400
34	5766	30000	3936200
34	5767	30000	3936200
34	5767	30000	3936000
34	5768	30000	3936000
34	5768	30000	3935800
34	5769	30000	3935800
34	5769	30000	3935600
34	5954	31000	3730720
34	5954	31000	3730720
34	5954	31000	3722000
34	6129	32000	3513260
34	6129	32000	3513260
34	6129	32000	3508800
34	6294	33000	3308580
34	6294	33000	3308580
34	6294	33000	3295600
34	6469	34000	3091120
34	6469	34000	3091120
34	6469	34000	3082400
34	6644	35000	2869400
34	6644	35000	2869250
34	6649	35000	2869250
34	6649	35000	2869250
34	6649	35000	2869100
34	6814	36000	2851898
34	6814	36000	2851898
34	6814	36000	2850650
34	6989	37000	2833082
34	6989	37000	2833082
34	6989	37000	2832200
34	7164	38000	2814266
34	7164	38000	2814266
34	7164	38000	2813750
34	7329	39000	2796548
34	7329	39000	2796548
34	7329	39000	2795300
34	7503	40000	2777732
34	7503	40000	2776850
34	7508	40000	2776850
34	7508	40000	2776600
34	7513	40000	2776600
34	7513	40000	2776600
34	7513	40000	2776350
34	7560	40000	2773950
34	7560	40000	2773700
34	7561	40000	2773700
34	7561	40000	2773450
34	7562	40000	2773450
34	7562	40000	2773200
34	7563	40000	2773200
34	7563	40000	2772950
34	7748	41000	2328610
34	7748	41000	2328610
34	7748	41000	2319300
34	7913	42000	1893480
34	7913	42000	1893480
34	7913	42000	1866050
34	8088	43000	1431170
34	8088	43000	1431170
34	8088	43000	1412800
34	8263	44000	968860
34	8263	44000	968860
34	8263	44000	959550
34	8428	45000	506550
34	8428	45000	506350
34	8433	45000	506350
34	8433	45000	506350
34	8433	45000	506150
34	8608	46000	301670
34	8608	46000	301670
34	8608	46000	292950
34	8783	47000	84210
34	8783	47000	84210
34	8783	47000	79750
